0 0
10 0
20 0
30 0
40 0
50 0
60 0
70 0
80 0
90 0
100 0
110 0
120 0
130 0
140 0
150 0
160 0
170 0
180 0
190 0
200 0
210 0
220 0
230 0
240 0
250 0
260 0
270 0
280 0
290 0
300 0
310 0
320 0
330 0
340 0
350 0
360 0
370 0
380 0
390 0
400 0
410 0
420 0
430 0
440 0
450 0
460 0
470 0
480 0
490 0
500 0
510 0
520 0
530 0
540 0
550 0
560 0
570 0
580 0
590 0
600 0
610 0
620 0
630 0
640 0
650 0
660 0
670 0
680 0
690 0
700 0
710 0
720 0
730 0
740 0
750 0
760 0
770 0
780 0
790 0
800 0
810 0
820 0
830 0
840 0
850 0
860 0
870 0
880 0
890 0
900 0
910 0
920 0
930 0
940 0
950 0
960 0
970 0
980 0
990 0
1000 0
1010 0
1020 0
1030 0
1040 0
1050 0
1060 0
1070 0
1080 0
1090 0
1100 0
1110 0
1120 0
1130 0
1140 0
1150 0
1160 0
1170 0
1180 0
1190 0
1200 0
1210 0
1220 0
1230 0
1240 0
1250 0
1260 0
1270 0
1280 0
1290 0
1300 0
1310 0
1320 0
1330 0
1340 0
1350 0
1360 0
1370 0
1380 0
1390 0
1400 0
1410 0
1420 0
1430 0
1440 0
1450 0
1460 0
1470 0
1480 0
1490 0
1500 0
1510 0
1520 0
1530 0
1540 0
1550 0
1560 0
1570 0
1580 0
1590 0
1600 0
1610 0
1620 0
1630 0
1640 0
1650 0
1660 0
1670 0
1680 0
1690 0
1700 0
1710 0
1720 0
1730 0
1740 0
1750 0
1760 0
1770 0
1780 0
1790 0
1800 0
1810 0
1820 0
1830 0
1840 0
1850 0
1860 0
1870 0
1880 0
1890 0
1900 0
1910 0
1920 0
1930 0
1940 0
1950 0
1960 0
1970 0
1980 0
1990 0
2000 0
2010 0
2020 0
2030 0
2040 0
2050 0
2060 0
2070 0
2080 0
2090 0
2100 0
2110 0
2120 0
2130 0
2140 0
2150 0
2160 0
2170 0
2180 0
2190 0
2200 0
2210 0
2220 0
2230 0
2240 0
2250 0
2260 0
2270 0
2280 0
2290 0
2300 0
2310 0
2320 0
2330 0
2340 0
2350 0
2360 0
2370 0
2380 0
2390 0
2400 0
2410 0
2420 0
2430 0
2440 0
2450 0
2460 0
2470 0
2480 0
2490 0
2500 0
2510 0
2520 0
2530 0
2540 0
2550 0
2560 0
2570 0
2580 0
2590 0
2600 0
2610 0
2620 0
2630 0
2640 0
2650 0
2660 0
2670 0
2680 0
2690 0
2700 0
2710 0
2720 0
2730 0
2740 0
2750 0
2760 0
2770 0
2780 0
2790 0
2800 0
2810 0
2820 0
2830 0
2840 0
2850 0
2860 0
2870 0
2880 0
2890 1
2900 1
2910 1
2920 1
2930 1
2940 1
2950 1
2960 1
2970 1
2980 1
2990 1
3000 1
3010 1
3020 1
3030 1
3040 1
3050 1
3060 1
3070 1
3080 1
3090 1
3100 1
3110 1
3120 1
3130 1
3140 1
3150 1
3160 1
3170 1
3180 1
3190 1
3200 1
3210 1
3220 1
3230 1
3240 1
3250 1
3260 1
3270 1
3280 1
3290 1
3300 1
3310 1
3320 1
3330 1
3340 1
3350 1
3360 1
3370 1
3380 1
3390 1
3400 1
3410 1
3420 1
3430 1
3440 1
3450 1
3460 1
3470 1
3480 1
3490 1
3500 1
3510 1
3520 1
3530 1
3540 1
3550 1
3560 1
3570 1
3580 1
3590 1
3600 1
3610 1
3620 1
3630 1
3640 1
3650 1
3660 1
3670 1
3680 1
3690 1
3700 1
3710 1
3720 1
3730 1
3740 1
3750 1
3760 1
3770 1
3780 1
3790 1
3800 1
3810 1
3820 1
3830 1
3840 1
3850 1
3860 1
3870 1
3880 1
3890 1
3900 1
3910 1
3920 1
3930 1
3940 1
3950 1
3960 1
3970 1
3980 1
3990 1
4000 1
4010 1
4020 1
4030 1
4040 1
4050 1
4060 1
4070 1
4080 1
4090 1
4100 2
4110 2
4120 2
4130 1
4140 1
4150 1
4160 1
4170 2
4180 2
4190 2
4200 1
4210 1
4220 1
4230 1
4240 2
4250 2
4260 2
4270 2
4280 1
4290 2
4300 1
4310 2
4320 2
4330 2
4340 1
4350 2
4360 2
4370 2
4380 2
4390 2
4400 2
4410 2
4420 2
4430 2
4440 2
4450 2
4460 2
4470 2
4480 2
4490 2
4500 2
4510 2
4520 2
4530 2
4540 2
4550 2
4560 2
4570 2
4580 2
4590 2
4600 2
4610 2
4620 2
4630 2
4640 2
4650 2
4660 2
4670 2
4680 2
4690 2
4700 2
4710 2
4720 2
4730 2
4740 2
4750 2
4760 2
4770 2
4780 2
4790 2
4800 2
4810 2
4820 2
4830 2
4840 2
4850 2
4860 2
4870 2
4880 2
4890 2
4900 2
4910 2
4920 2
4930 2
4940 2
4950 2
4960 2
4970 2
4980 2
4990 2
5000 2
5010 2
5020 2
5030 2
5040 2
5050 2
5060 2
5070 2
5080 2
5090 2
5100 2
5110 2
5120 2
5130 2
5140 2
5150 2
5160 2
5170 2
5180 2
5190 2
5200 2
5210 2
5220 2
5230 2
5240 2
5250 2
5260 2
5270 2
5280 2
5290 2
5300 2
5310 2
5320 2
5330 2
5340 2
5350 2
5360 2
5370 2
5380 2
5390 2
5400 2
5410 2
5420 2
5430 2
5440 2
5450 2
5460 2
5470 2
5480 2
5490 2
5500 2
5510 2
5520 2
5530 2
5540 2
5550 2
5560 2
5570 2
5580 2
5590 2
5600 2
5610 2
5620 2
5630 2
5640 2
5650 2
5660 2
5670 2
5680 2
5690 2
5700 2
5710 2
5720 2
5730 2
5740 2
5750 2
5760 2
5770 2
5780 2
5790 2
5800 2
5810 2
5820 2
5830 2
5840 2
5850 2
5860 2
5870 2
5880 2
5890 2
5900 2
5910 2
5920 2
5930 2
5940 2
5950 2
5960 2
5970 2
5980 2
5990 2
6000 2
6010 2
6020 2
6030 2
6040 2
6050 2
6060 2
6070 2
6080 2
6090 2
6100 2
6110 2
6120 2
6130 2
6140 2
6150 2
6160 2
6170 2
6180 2
6190 2
6200 2
6210 2
6220 2
6230 2
6240 2
6250 2
6260 2
6270 2
6280 2
6290 2
6300 2
6310 2
6320 2
6330 2
6340 2
6350 2
6360 2
6370 2
6380 2
6390 2
6400 2
6410 2
6420 2
6430 2
6440 2
6450 2
6460 2
6470 2
6480 2
6490 2
6500 3
6510 3
6520 3
6530 3
6540 3
6550 3
6560 3
6570 3
6580 3
6590 3
6600 3
6610 3
6620 3
6630 3
6640 3
6650 3
6660 3
6670 3
6680 3
6690 3
6700 3
6710 3
6720 3
6730 3
6740 3
6750 3
6760 3
6770 3
6780 3
6790 3
6800 3
6810 3
6820 3
6830 3
6840 3
6850 3
6860 3
6870 3
6880 3
6890 3
6900 3
6910 3
6920 3
6930 3
6940 3
6950 3
6960 3
6970 3
6980 3
6990 3
7000 3
7010 3
7020 3
7030 3
7040 3
7050 3
7060 3
7070 3
7080 3
7090 3
7100 3
7110 3
7120 3
7130 3
7140 3
7150 3
7160 3
7170 3
7180 3
7190 3
7200 3
7210 3
7220 3
7230 3
7240 3
7250 3
7260 3
7270 3
7280 3
7290 3
7300 3
7310 3
7320 3
7330 3
7340 3
7350 3
7360 3
7370 3
7380 3
7390 3
7400 3
7410 3
7420 3
7430 3
7440 3
7450 3
7460 3
7470 3
7480 3
7490 3
7500 3
7510 3
7520 3
7530 3
7540 3
7550 3
7560 3
7570 3
7580 3
7590 3
7600 3
7610 3
7620 3
7630 3
7640 3
7650 3
7660 3
7670 3
7680 3
7690 3
7700 3
7710 3
7720 3
7730 3
7740 3
7750 3
7760 3
7770 3
7780 3
7790 3
7800 3
7810 3
7820 3
7830 3
7840 3
7850 3
7860 3
7870 3
7880 3
7890 3
7900 3
7910 3
7920 3
7930 3
7940 3
7950 3
7960 3
7970 3
7980 3
7990 3
8000 3
8010 3
8020 3
8030 3
8040 3
8050 3
8060 3
8070 3
8080 3
8090 3
8100 3
8110 3
8120 3
8130 3
8140 3
8150 3
8160 3
8170 3
8180 3
8190 4
8200 4
8210 4
8220 4
8230 4
8240 4
8250 4
8260 4
8270 4
8280 4
8290 4
8300 4
8310 4
8320 4
8330 4
8340 4
8350 4
8360 4
8370 4
8380 4
8390 4
8400 4
8410 4
8420 4
8430 4
8440 4
8450 4
8460 4
8470 4
8480 4
8490 4
8500 4
8510 4
8520 4
8530 4
8540 4
8550 4
8560 4
8570 4
8580 4
8590 4
8600 4
8610 4
8620 4
8630 4
8640 4
8650 4
8660 4
8670 4
8680 4
8690 4
8700 4
8710 4
8720 4
8730 4
8740 4
8750 4
8760 4
8770 4
8780 4
8790 4
8800 4
8810 4
8820 4
8830 4
8840 4
8850 4
8860 4
8870 4
8880 4
8890 4
8900 4
8910 4
8920 4
8930 4
8940 4
8950 4
8960 4
8970 4
8980 4
8990 4
9000 4
9010 4
9020 4
9030 4
9040 4
9050 4
9060 4
9070 4
9080 4
9090 4
9100 4
9110 4
9120 4
9130 4
9140 4
9150 4
9160 4
9170 4
9180 4
9190 4
9200 4
9210 4
9220 4
9230 4
9240 4
9250 4
9260 4
9270 4
9280 4
9290 4
9300 4
9310 4
9320 4
9330 4
9340 4
9350 4
9360 4
9370 4
9380 4
9390 4
9400 4
9410 4
9420 4
9430 4
9440 4
9450 4
9460 4
9470 4
9480 4
9490 4
9500 4
9510 4
9520 4
9530 4
9540 4
9550 4
9560 4
9570 4
9580 4
9590 4
9600 4
9610 4
9620 4
9630 4
9640 4
9650 4
9660 4
9670 4
9680 4
9690 4
9700 4
9710 4
9720 4
9730 4
9740 4
9750 4
9760 4
9770 4
9780 4
9790 4
9800 4
9810 4
9820 4
9830 4
9840 4
9850 4
9860 4
9870 4
9880 4
9890 4
9900 4
9910 4
9920 4
9930 4
9940 4
9950 4
9960 4
9970 4
9980 4
9990 4
