0 0
10 0
20 0
30 0
40 0
50 0
60 0
70 0
80 0
90 0
100 0
110 0
120 0
130 0
140 0
150 0
160 0
170 0
180 0
190 0
200 0
210 0
220 0
230 0
240 0
250 0
260 0
270 0
280 0
290 0
300 0
310 0
320 0
330 0
340 0
350 0
360 0
370 0
380 0
390 0
400 0
410 0
420 0
430 0
440 0
450 0
460 0
470 0
480 0
490 0
500 0
510 0
520 0
530 0
540 0
550 0
560 0
570 0
580 0
590 0
600 0
610 0
620 0
630 0
640 0
650 0
660 0
670 0
680 0
690 0
700 0
710 0
720 0
730 0
740 0
750 0
760 0
770 0
780 0
790 0
800 0
810 0
820 0
830 0
840 0
850 0
860 0
870 0
880 0
890 0
900 0
910 0
920 0
930 0
940 0
950 0
960 0
970 0
980 0
990 0
1000 0
1010 0
1020 0
1030 0
1040 0
1050 0
1060 0
1070 0
1080 0
1090 0
1100 0
1110 0
1120 0
1130 0
1140 0
1150 0
1160 0
1170 0
1180 0
1190 0
1200 0
1210 0
1220 0
1230 0
1240 0
1250 0
1260 0
1270 0
1280 0
1290 0
1300 0
1310 0
1320 0
1330 1
1340 1
1350 1
1360 1
1370 1
1380 1
1390 1
1400 1
1410 1
1420 1
1430 1
1440 1
1450 1
1460 1
1470 1
1480 1
1490 1
1500 1
1510 1
1520 1
1530 1
1540 1
1550 1
1560 1
1570 1
1580 1
1590 1
1600 1
1610 1
1620 1
1630 1
1640 1
1650 1
1660 1
1670 1
1680 1
1690 1
1700 1
1710 1
1720 1
1730 1
1740 1
1750 1
1760 1
1770 1
1780 1
1790 1
1800 1
1810 1
1820 1
1830 1
1840 1
1850 1
1860 1
1870 1
1880 1
1890 1
1900 1
1910 1
1920 1
1930 1
1940 1
1950 1
1960 1
1970 1
1980 1
1990 1
2000 1
2010 1
2020 1
2030 1
2040 1
2050 1
2060 1
2070 1
2080 1
2090 1
2100 1
2110 1
2120 1
2130 1
2140 1
2150 1
2160 1
2170 1
2180 1
2190 1
2200 1
2210 1
2220 1
2230 1
2240 1
2250 1
2260 1
2270 1
2280 1
2290 1
2300 1
2310 1
2320 1
2330 1
2340 1
2350 1
2360 1
2370 1
2380 1
2390 1
2400 1
2410 1
2420 1
2430 1
2440 1
2450 1
2460 1
2470 1
2480 1
2490 1
2500 1
2510 1
2520 1
2530 1
2540 1
2550 1
2560 1
2570 1
2580 1
2590 1
2600 1
2610 1
2620 2
2630 2
2640 2
2650 2
2660 2
2670 2
2680 2
2690 2
2700 2
2710 2
2720 2
2730 2
2740 2
2750 2
2760 2
2770 2
2780 2
2790 2
2800 2
2810 2
2820 2
2830 2
2840 2
2850 2
2860 2
2870 2
2880 2
2890 2
2900 2
2910 2
2920 2
2930 2
2940 2
2950 2
2960 2
2970 2
2980 2
2990 2
3000 2
3010 2
3020 2
3030 2
3040 2
3050 2
3060 2
3070 2
3080 2
3090 2
3100 2
3110 2
3120 2
3130 2
3140 2
3150 2
3160 2
3170 2
3180 2
3190 2
3200 2
3210 2
3220 2
3230 2
3240 2
3250 2
3260 2
3270 2
3280 2
3290 2
3300 2
3310 2
3320 2
3330 2
3340 2
3350 2
3360 2
3370 2
3380 2
3390 2
3400 2
3410 2
3420 2
3430 2
3440 2
3450 2
3460 2
3470 2
3480 2
3490 2
3500 2
3510 2
3520 2
3530 2
3540 2
3550 2
3560 2
3570 2
3580 2
3590 2
3600 2
3610 2
3620 2
3630 2
3640 2
3650 2
3660 2
3670 2
3680 3
3690 2
3700 2
3710 2
3720 2
3730 2
3740 3
3750 2
3760 2
3770 3
3780 2
3790 2
3800 2
3810 2
3820 2
3830 2
3840 2
3850 3
3860 3
3870 3
3880 3
3890 3
3900 3
3910 3
3920 3
3930 3
3940 3
3950 3
3960 3
3970 3
3980 3
3990 3
4000 3
4010 3
4020 3
4030 3
4040 3
4050 3
4060 3
4070 3
4080 3
4090 3
4100 3
4110 3
4120 3
4130 3
4140 3
4150 3
4160 3
4170 3
4180 3
4190 3
4200 3
4210 3
4220 3
4230 3
4240 3
4250 3
4260 3
4270 3
4280 3
4290 3
4300 3
4310 3
4320 3
4330 3
4340 3
4350 3
4360 3
4370 3
4380 3
4390 3
4400 3
4410 3
4420 3
4430 3
4440 3
4450 3
4460 3
4470 3
4480 3
4490 3
4500 3
4510 3
4520 3
4530 3
4540 3
4550 3
4560 3
4570 3
4580 3
4590 3
4600 3
4610 3
4620 3
4630 3
4640 3
4650 3
4660 3
4670 3
4680 3
4690 3
4700 3
4710 3
4720 3
4730 3
4740 3
4750 3
4760 3
4770 3
4780 3
4790 3
4800 3
4810 3
4820 3
4830 3
4840 3
4850 3
4860 3
4870 3
4880 3
4890 3
4900 3
4910 3
4920 3
4930 3
4940 3
4950 3
4960 3
4970 3
4980 3
4990 3
5000 3
5010 3
5020 3
5030 3
5040 3
5050 3
5060 3
5070 3
5080 3
5090 3
5100 3
5110 3
5120 3
5130 4
5140 4
5150 4
5160 4
5170 4
5180 4
5190 4
5200 4
5210 4
5220 4
5230 4
5240 4
5250 4
5260 4
5270 4
5280 4
5290 4
5300 4
5310 4
5320 4
5330 4
5340 4
5350 4
5360 4
5370 4
5380 4
5390 4
5400 4
5410 4
5420 4
5430 4
5440 4
5450 5
5460 4
5470 4
5480 5
5490 5
5500 5
5510 5
5520 5
5530 5
5540 5
5550 5
5560 5
5570 5
5580 5
5590 5
5600 5
5610 5
5620 5
5630 5
5640 5
5650 5
5660 5
5670 5
5680 5
5690 5
5700 5
5710 5
5720 5
5730 5
5740 5
5750 5
5760 5
5770 5
5780 5
5790 5
5800 5
5810 5
5820 5
5830 5
5840 5
5850 5
5860 5
5870 5
5880 5
5890 5
5900 5
5910 5
5920 5
5930 5
5940 5
5950 5
5960 5
5970 5
5980 5
5990 5
6000 5
6010 5
6020 5
6030 5
6040 5
6050 5
6060 5
6070 5
6080 5
6090 5
6100 5
6110 5
6120 5
6130 5
6140 5
6150 5
6160 5
6170 5
6180 5
6190 5
6200 5
6210 5
6220 5
6230 5
6240 5
6250 5
6260 5
6270 5
6280 5
6290 5
6300 5
6310 5
6320 5
6330 5
6340 5
6350 5
6360 5
6370 5
6380 5
6390 5
6400 5
6410 5
6420 5
6430 5
6440 5
6450 5
6460 5
6470 5
6480 5
6490 5
6500 5
6510 5
6520 5
6530 5
6540 5
6550 5
6560 5
6570 5
6580 5
6590 5
6600 5
6610 5
6620 5
6630 5
6640 5
6650 5
6660 5
6670 5
6680 5
6690 5
6700 5
6710 5
6720 5
6730 5
6740 5
6750 5
6760 5
6770 5
6780 5
6790 5
6800 5
6810 5
6820 5
6830 5
6840 5
6850 5
6860 5
6870 5
6880 5
6890 5
6900 5
6910 5
6920 5
6930 5
6940 5
6950 5
6960 5
6970 5
6980 5
6990 5
7000 5
7010 5
7020 5
7030 5
7040 5
7050 5
7060 5
7070 5
7080 5
7090 5
7100 5
7110 5
7120 5
7130 5
7140 5
7150 5
7160 5
7170 5
7180 5
7190 6
7200 6
7210 6
7220 6
7230 6
7240 6
7250 5
7260 5
7270 5
7280 5
7290 5
7300 5
7310 5
7320 5
7330 5
7340 5
7350 5
7360 5
7370 5
7380 6
7390 5
7400 6
7410 6
7420 6
7430 6
7440 6
7450 6
7460 6
7470 6
7480 6
7490 6
7500 6
7510 6
7520 6
7530 6
7540 6
7550 6
7560 6
7570 6
7580 6
7590 6
7600 6
7610 6
7620 6
7630 6
7640 6
7650 6
7660 6
7670 6
7680 6
7690 6
7700 6
7710 6
7720 6
7730 6
7740 6
7750 6
7760 6
7770 6
7780 6
7790 6
7800 6
7810 6
7820 6
7830 6
7840 6
7850 6
7860 6
7870 6
7880 6
7890 6
7900 6
7910 6
7920 6
7930 6
7940 6
7950 6
7960 6
7970 6
7980 6
7990 6
8000 6
8010 6
8020 6
8030 6
8040 6
8050 6
8060 6
8070 6
8080 6
8090 6
8100 6
8110 6
8120 6
8130 6
8140 6
8150 6
8160 6
8170 7
8180 7
8190 7
8200 7
8210 7
8220 7
8230 7
8240 7
8250 7
8260 7
8270 7
8280 7
8290 7
8300 7
8310 7
8320 7
8330 7
8340 7
8350 7
8360 7
8370 7
8380 7
8390 7
8400 7
8410 7
8420 7
8430 7
8440 7
8450 7
8460 7
8470 7
8480 7
8490 7
8500 7
8510 7
8520 7
8530 8
8540 7
8550 7
8560 7
8570 7
8580 7
8590 7
8600 7
8610 7
8620 7
8630 7
8640 7
8650 7
8660 7
8670 7
8680 7
8690 7
8700 7
8710 7
8720 7
8730 7
8740 8
8750 7
8760 7
8770 7
8780 7
8790 7
8800 7
8810 7
8820 7
8830 7
8840 7
8850 7
8860 7
8870 7
8880 7
8890 7
8900 7
8910 7
8920 7
8930 7
8940 7
8950 7
8960 7
8970 7
8980 7
8990 7
9000 7
9010 7
9020 7
9030 7
9040 7
9050 7
9060 7
9070 7
9080 7
9090 7
9100 7
9110 8
9120 7
9130 7
9140 7
9150 7
9160 7
9170 7
9180 7
9190 7
9200 7
9210 7
9220 7
9230 7
9240 8
9250 8
9260 8
9270 7
9280 7
9290 7
9300 7
9310 7
9320 7
9330 7
9340 7
9350 7
9360 7
9370 7
9380 7
9390 7
9400 7
9410 7
9420 7
9430 7
9440 8
9450 8
9460 7
9470 7
9480 7
9490 7
9500 7
9510 7
9520 7
9530 8
9540 8
9550 8
9560 8
9570 8
9580 8
9590 8
9600 8
9610 8
9620 8
9630 8
9640 8
9650 8
9660 8
9670 8
9680 8
9690 8
9700 8
9710 8
9720 8
9730 8
9740 8
9750 8
9760 8
9770 8
9780 8
9790 8
9800 8
9810 8
9820 8
9830 8
9840 8
9850 8
9860 8
9870 8
9880 8
9890 8
9900 8
9910 8
9920 8
9930 8
9940 8
9950 8
9960 8
9970 8
9980 8
9990 8
