0 0
10 0
20 0
30 0
40 0
50 0
60 0
70 0
80 0
90 0
100 0
110 0
120 0
130 0
140 0
150 0
160 0
170 0
180 0
190 0
200 0
210 0
220 0
230 0
240 0
250 0
260 0
270 0
280 0
290 0
300 0
310 0
320 0
330 0
340 0
350 0
360 0
370 0
380 0
390 0
400 0
410 0
420 0
430 0
440 0
450 0
460 0
470 0
480 0
490 0
500 0
510 0
520 0
530 0
540 0
550 0
560 0
570 0
580 0
590 0
600 0
610 0
620 0
630 0
640 0
650 0
660 0
670 0
680 0
690 0
700 0
710 0
720 0
730 0
740 0
750 0
760 0
770 0
780 0
790 0
800 0
810 0
820 0
830 0
840 0
850 0
860 0
870 0
880 0
890 0
900 0
910 0
920 0
930 0
940 0
950 0
960 0
970 0
980 0
990 0
1000 0
1010 0
1020 0
1030 0
1040 0
1050 0
1060 0
1070 0
1080 0
1090 0
1100 0
1110 0
1120 0
1130 0
1140 0
1150 0
1160 0
1170 0
1180 0
1190 0
1200 0
1210 0
1220 0
1230 0
1240 0
1250 0
1260 0
1270 0
1280 0
1290 0
1300 0
1310 0
1320 0
1330 0
1340 0
1350 0
1360 0
1370 0
1380 0
1390 0
1400 0
1410 0
1420 0
1430 0
1440 0
1450 0
1460 0
1470 0
1480 0
1490 0
1500 0
1510 0
1520 0
1530 0
1540 0
1550 0
1560 0
1570 0
1580 0
1590 0
1600 0
1610 0
1620 0
1630 0
1640 0
1650 0
1660 0
1670 0
1680 0
1690 0
1700 0
1710 0
1720 0
1730 0
1740 0
1750 0
1760 0
1770 0
1780 0
1790 0
1800 0
1810 0
1820 0
1830 0
1840 0
1850 0
1860 0
1870 0
1880 0
1890 0
1900 0
1910 0
1920 0
1930 0
1940 0
1950 0
1960 0
1970 0
1980 1
1990 1
2000 1
2010 1
2020 1
2030 1
2040 1
2050 1
2060 1
2070 1
2080 1
2090 1
2100 1
2110 1
2120 1
2130 1
2140 1
2150 1
2160 1
2170 1
2180 1
2190 1
2200 1
2210 1
2220 1
2230 1
2240 1
2250 1
2260 1
2270 1
2280 1
2290 1
2300 1
2310 1
2320 1
2330 1
2340 1
2350 1
2360 1
2370 1
2380 1
2390 1
2400 1
2410 1
2420 1
2430 1
2440 1
2450 1
2460 1
2470 1
2480 1
2490 1
2500 1
2510 1
2520 1
2530 1
2540 1
2550 1
2560 1
2570 1
2580 1
2590 1
2600 1
2610 1
2620 1
2630 1
2640 1
2650 1
2660 1
2670 1
2680 1
2690 1
2700 1
2710 1
2720 1
2730 1
2740 1
2750 1
2760 1
2770 1
2780 1
2790 1
2800 1
2810 1
2820 1
2830 1
2840 1
2850 1
2860 1
2870 1
2880 1
2890 1
2900 1
2910 1
2920 1
2930 1
2940 1
2950 1
2960 1
2970 1
2980 1
2990 1
3000 1
3010 1
3020 1
3030 1
3040 1
3050 1
3060 1
3070 1
3080 1
3090 1
3100 1
3110 1
3120 1
3130 1
3140 1
3150 1
3160 1
3170 1
3180 1
3190 1
3200 1
3210 1
3220 1
3230 1
3240 1
3250 1
3260 1
3270 1
3280 1
3290 1
3300 1
3310 1
3320 1
3330 1
3340 1
3350 1
3360 1
3370 1
3380 1
3390 1
3400 1
3410 1
3420 1
3430 1
3440 1
3450 1
3460 1
3470 1
3480 1
3490 1
3500 1
3510 1
3520 1
3530 1
3540 1
3550 1
3560 1
3570 1
3580 1
3590 1
3600 1
3610 1
3620 1
3630 1
3640 1
3650 1
3660 1
3670 1
3680 1
3690 1
3700 1
3710 1
3720 1
3730 1
3740 1
3750 1
3760 1
3770 1
3780 1
3790 1
3800 1
3810 1
3820 1
3830 1
3840 1
3850 1
3860 1
3870 1
3880 1
3890 1
3900 1
3910 1
3920 1
3930 1
3940 2
3950 2
3960 2
3970 2
3980 2
3990 2
4000 2
4010 2
4020 2
4030 2
4040 2
4050 2
4060 2
4070 2
4080 2
4090 2
4100 2
4110 2
4120 2
4130 2
4140 2
4150 2
4160 2
4170 2
4180 2
4190 2
4200 2
4210 2
4220 2
4230 2
4240 2
4250 2
4260 2
4270 2
4280 2
4290 2
4300 2
4310 2
4320 2
4330 2
4340 2
4350 2
4360 2
4370 2
4380 2
4390 2
4400 2
4410 2
4420 2
4430 2
4440 2
4450 2
4460 2
4470 2
4480 2
4490 2
4500 2
4510 2
4520 2
4530 2
4540 2
4550 2
4560 2
4570 2
4580 2
4590 2
4600 2
4610 2
4620 2
4630 2
4640 2
4650 2
4660 2
4670 2
4680 2
4690 2
4700 2
4710 2
4720 2
4730 2
4740 2
4750 2
4760 2
4770 2
4780 2
4790 2
4800 2
4810 2
4820 2
4830 2
4840 2
4850 2
4860 2
4870 2
4880 2
4890 2
4900 2
4910 2
4920 2
4930 2
4940 2
4950 2
4960 2
4970 2
4980 2
4990 2
5000 2
5010 2
5020 2
5030 2
5040 2
5050 2
5060 2
5070 2
5080 2
5090 2
5100 2
5110 2
5120 2
5130 2
5140 2
5150 2
5160 2
5170 2
5180 2
5190 2
5200 2
5210 2
5220 2
5230 2
5240 2
5250 2
5260 2
5270 2
5280 2
5290 2
5300 2
5310 2
5320 2
5330 2
5340 2
5350 2
5360 2
5370 2
5380 2
5390 2
5400 2
5410 2
5420 2
5430 2
5440 2
5450 2
5460 2
5470 2
5480 2
5490 2
5500 2
5510 3
5520 3
5530 2
5540 2
5550 2
5560 2
5570 3
5580 2
5590 2
5600 2
5610 2
5620 2
5630 2
5640 2
5650 2
5660 2
5670 2
5680 2
5690 2
5700 2
5710 2
5720 2
5730 2
5740 2
5750 2
5760 3
5770 2
5780 2
5790 3
5800 3
5810 3
5820 3
5830 3
5840 3
5850 3
5860 3
5870 3
5880 3
5890 3
5900 3
5910 3
5920 3
5930 3
5940 3
5950 3
5960 3
5970 3
5980 3
5990 3
6000 3
6010 3
6020 3
6030 3
6040 3
6050 3
6060 3
6070 3
6080 3
6090 3
6100 3
6110 3
6120 3
6130 3
6140 3
6150 3
6160 3
6170 3
6180 3
6190 3
6200 3
6210 3
6220 3
6230 3
6240 3
6250 3
6260 3
6270 3
6280 3
6290 3
6300 3
6310 3
6320 3
6330 3
6340 3
6350 3
6360 3
6370 3
6380 3
6390 3
6400 3
6410 3
6420 3
6430 3
6440 3
6450 3
6460 3
6470 3
6480 3
6490 3
6500 3
6510 3
6520 3
6530 3
6540 3
6550 3
6560 3
6570 3
6580 3
6590 3
6600 3
6610 3
6620 3
6630 3
6640 3
6650 3
6660 3
6670 3
6680 3
6690 3
6700 3
6710 3
6720 3
6730 3
6740 3
6750 3
6760 3
6770 3
6780 3
6790 3
6800 3
6810 3
6820 3
6830 3
6840 3
6850 3
6860 3
6870 3
6880 3
6890 3
6900 3
6910 3
6920 3
6930 3
6940 3
6950 3
6960 3
6970 3
6980 3
6990 3
7000 3
7010 3
7020 3
7030 3
7040 3
7050 3
7060 3
7070 3
7080 3
7090 3
7100 3
7110 3
7120 3
7130 3
7140 3
7150 3
7160 3
7170 3
7180 3
7190 3
7200 3
7210 3
7220 3
7230 3
7240 3
7250 3
7260 3
7270 3
7280 3
7290 3
7300 3
7310 3
7320 3
7330 3
7340 3
7350 3
7360 3
7370 3
7380 3
7390 3
7400 3
7410 3
7420 3
7430 3
7440 3
7450 3
7460 3
7470 3
7480 3
7490 3
7500 3
7510 3
7520 3
7530 3
7540 3
7550 3
7560 3
7570 3
7580 3
7590 3
7600 3
7610 3
7620 3
7630 3
7640 3
7650 3
7660 3
7670 3
7680 3
7690 3
7700 3
7710 3
7720 3
7730 3
7740 3
7750 3
7760 3
7770 3
7780 3
7790 3
7800 3
7810 4
7820 4
7830 4
7840 4
7850 4
7860 4
7870 4
7880 4
7890 4
7900 4
7910 4
7920 4
7930 4
7940 4
7950 4
7960 4
7970 4
7980 4
7990 4
8000 4
8010 4
8020 4
8030 4
8040 4
8050 4
8060 4
8070 4
8080 4
8090 4
8100 4
8110 4
8120 4
8130 4
8140 5
8150 5
8160 5
8170 5
8180 5
8190 5
8200 5
8210 5
8220 5
8230 5
8240 5
8250 5
8260 5
8270 5
8280 5
8290 5
8300 5
8310 5
8320 5
8330 5
8340 5
8350 5
8360 5
8370 5
8380 5
8390 5
8400 5
8410 5
8420 5
8430 5
8440 5
8450 5
8460 5
8470 5
8480 5
8490 5
8500 5
8510 5
8520 5
8530 5
8540 5
8550 5
8560 5
8570 5
8580 5
8590 5
8600 5
8610 5
8620 5
8630 5
8640 5
8650 5
8660 5
8670 5
8680 5
8690 5
8700 5
8710 5
8720 5
8730 5
8740 5
8750 5
8760 5
8770 5
8780 5
8790 5
8800 5
8810 5
8820 5
8830 5
8840 5
8850 5
8860 5
8870 5
8880 5
8890 5
8900 5
8910 5
8920 5
8930 5
8940 5
8950 5
8960 5
8970 5
8980 5
8990 5
9000 5
9010 5
9020 5
9030 5
9040 5
9050 5
9060 5
9070 5
9080 6
9090 6
9100 5
9110 5
9120 6
9130 5
9140 5
9150 5
9160 5
9170 5
9180 5
9190 5
9200 5
9210 5
9220 5
9230 5
9240 5
9250 5
9260 5
9270 6
9280 5
9290 5
9300 5
9310 5
9320 5
9330 5
9340 5
9350 5
9360 5
9370 5
9380 5
9390 5
9400 5
9410 6
9420 5
9430 5
9440 6
9450 5
9460 5
9470 5
9480 5
9490 5
9500 5
9510 6
9520 6
9530 5
9540 6
9550 6
9560 6
9570 5
9580 6
9590 6
9600 5
9610 5
9620 5
9630 5
9640 6
9650 5
9660 6
9670 6
9680 6
9690 6
9700 6
9710 6
9720 6
9730 6
9740 6
9750 6
9760 6
9770 6
9780 6
9790 6
9800 6
9810 6
9820 6
9830 6
9840 6
9850 6
9860 6
9870 6
9880 6
9890 6
9900 6
9910 6
9920 6
9930 6
9940 6
9950 6
9960 6
9970 6
9980 6
9990 6
