0 0
10 0
20 0
30 0
40 0
50 0
60 0
70 0
80 0
90 0
100 0
110 0
120 0
130 0
140 0
150 0
160 0
170 0
180 0
190 0
200 0
210 0
220 0
230 0
240 0
250 0
260 0
270 0
280 0
290 0
300 0
310 0
320 0
330 0
340 0
350 0
360 0
370 0
380 0
390 0
400 0
410 0
420 0
430 0
440 0
450 0
460 0
470 0
480 0
490 0
500 0
510 0
520 0
530 0
540 0
550 0
560 0
570 0
580 0
590 0
600 0
610 0
620 0
630 0
640 0
650 0
660 0
670 0
680 0
690 0
700 0
710 0
720 0
730 0
740 0
750 0
760 0
770 0
780 0
790 0
800 0
810 0
820 0
830 0
840 0
850 0
860 0
870 0
880 0
890 0
900 0
910 0
920 0
930 0
940 0
950 0
960 0
970 0
980 0
990 0
1000 0
1010 0
1020 0
1030 0
1040 0
1050 0
1060 0
1070 0
1080 0
1090 0
1100 0
1110 0
1120 0
1130 0
1140 0
1150 0
1160 0
1170 0
1180 0
1190 0
1200 0
1210 0
1220 0
1230 0
1240 0
1250 0
1260 0
1270 0
1280 0
1290 0
1300 0
1310 0
1320 0
1330 0
1340 0
1350 0
1360 0
1370 0
1380 0
1390 0
1400 0
1410 0
1420 0
1430 0
1440 0
1450 0
1460 0
1470 0
1480 0
1490 0
1500 0
1510 0
1520 0
1530 0
1540 0
1550 0
1560 0
1570 0
1580 0
1590 0
1600 0
1610 0
1620 0
1630 0
1640 0
1650 0
1660 0
1670 0
1680 0
1690 0
1700 0
1710 0
1720 0
1730 0
1740 0
1750 0
1760 0
1770 0
1780 0
1790 0
1800 0
1810 0
1820 0
1830 0
1840 0
1850 0
1860 0
1870 0
1880 0
1890 0
1900 0
1910 0
1920 0
1930 0
1940 0
1950 0
1960 0
1970 0
1980 0
1990 0
2000 0
2010 0
2020 0
2030 0
2040 0
2050 0
2060 0
2070 0
2080 0
2090 0
2100 0
2110 0
2120 0
2130 0
2140 0
2150 0
2160 0
2170 0
2180 0
2190 0
2200 0
2210 0
2220 0
2230 0
2240 0
2250 0
2260 0
2270 0
2280 0
2290 0
2300 0
2310 0
2320 0
2330 0
2340 0
2350 0
2360 0
2370 0
2380 0
2390 0
2400 0
2410 0
2420 0
2430 0
2440 0
2450 0
2460 0
2470 0
2480 0
2490 0
2500 0
2510 1
2520 0
2530 0
2540 0
2550 0
2560 0
2570 0
2580 0
2590 0
2600 0
2610 0
2620 1
2630 1
2640 1
2650 1
2660 1
2670 1
2680 1
2690 1
2700 1
2710 1
2720 1
2730 1
2740 1
2750 1
2760 1
2770 1
2780 1
2790 1
2800 1
2810 1
2820 1
2830 1
2840 1
2850 1
2860 1
2870 1
2880 1
2890 1
2900 1
2910 1
2920 1
2930 1
2940 1
2950 1
2960 1
2970 1
2980 1
2990 1
3000 1
3010 1
3020 1
3030 1
3040 1
3050 1
3060 1
3070 1
3080 1
3090 1
3100 1
3110 1
3120 1
3130 1
3140 1
3150 1
3160 1
3170 1
3180 1
3190 1
3200 1
3210 1
3220 1
3230 1
3240 1
3250 1
3260 1
3270 1
3280 1
3290 1
3300 1
3310 1
3320 1
3330 1
3340 1
3350 1
3360 1
3370 1
3380 1
3390 1
3400 1
3410 1
3420 1
3430 1
3440 1
3450 1
3460 1
3470 1
3480 1
3490 1
3500 1
3510 1
3520 1
3530 1
3540 1
3550 1
3560 1
3570 1
3580 1
3590 1
3600 1
3610 1
3620 1
3630 1
3640 1
3650 1
3660 1
3670 1
3680 1
3690 1
3700 1
3710 1
3720 1
3730 1
3740 1
3750 1
3760 1
3770 1
3780 1
3790 1
3800 1
3810 1
3820 1
3830 1
3840 1
3850 1
3860 1
3870 1
3880 1
3890 1
3900 1
3910 1
3920 1
3930 1
3940 1
3950 1
3960 1
3970 1
3980 1
3990 1
4000 1
4010 1
4020 1
4030 1
4040 1
4050 1
4060 1
4070 1
4080 1
4090 1
4100 1
4110 1
4120 1
4130 1
4140 1
4150 1
4160 1
4170 1
4180 1
4190 1
4200 1
4210 1
4220 1
4230 1
4240 1
4250 1
4260 1
4270 1
4280 1
4290 1
4300 1
4310 1
4320 1
4330 1
4340 1
4350 1
4360 1
4370 1
4380 1
4390 1
4400 1
4410 1
4420 1
4430 1
4440 1
4450 1
4460 1
4470 1
4480 1
4490 1
4500 1
4510 1
4520 1
4530 1
4540 1
4550 1
4560 1
4570 1
4580 1
4590 1
4600 1
4610 1
4620 1
4630 1
4640 1
4650 1
4660 1
4670 1
4680 1
4690 1
4700 1
4710 1
4720 1
4730 1
4740 1
4750 1
4760 1
4770 1
4780 1
4790 1
4800 1
4810 1
4820 1
4830 1
4840 1
4850 1
4860 1
4870 1
4880 1
4890 1
4900 1
4910 1
4920 1
4930 1
4940 1
4950 1
4960 1
4970 1
4980 1
4990 1
5000 1
5010 2
5020 2
5030 1
5040 1
5050 1
5060 2
5070 2
5080 2
5090 2
5100 2
5110 2
5120 2
5130 2
5140 2
5150 2
5160 2
5170 2
5180 2
5190 2
5200 2
5210 2
5220 2
5230 2
5240 2
5250 2
5260 2
5270 2
5280 2
5290 2
5300 2
5310 2
5320 2
5330 2
5340 2
5350 2
5360 2
5370 2
5380 2
5390 2
5400 2
5410 2
5420 2
5430 2
5440 2
5450 2
5460 2
5470 2
5480 2
5490 2
5500 2
5510 2
5520 2
5530 2
5540 2
5550 2
5560 2
5570 2
5580 2
5590 2
5600 2
5610 2
5620 2
5630 2
5640 2
5650 2
5660 2
5670 2
5680 2
5690 2
5700 2
5710 2
5720 2
5730 2
5740 2
5750 2
5760 2
5770 2
5780 2
5790 2
5800 2
5810 2
5820 2
5830 2
5840 2
5850 2
5860 2
5870 2
5880 2
5890 2
5900 2
5910 2
5920 2
5930 2
5940 2
5950 2
5960 2
5970 2
5980 2
5990 2
6000 2
6010 2
6020 2
6030 2
6040 2
6050 2
6060 2
6070 2
6080 2
6090 2
6100 2
6110 2
6120 2
6130 2
6140 2
6150 2
6160 2
6170 2
6180 2
6190 2
6200 2
6210 2
6220 2
6230 2
6240 2
6250 2
6260 2
6270 2
6280 2
6290 2
6300 2
6310 2
6320 2
6330 2
6340 2
6350 2
6360 2
6370 2
6380 2
6390 2
6400 2
6410 2
6420 2
6430 2
6440 2
6450 2
6460 2
6470 2
6480 2
6490 2
6500 2
6510 2
6520 2
6530 2
6540 2
6550 2
6560 2
6570 2
6580 2
6590 2
6600 2
6610 2
6620 2
6630 2
6640 2
6650 2
6660 2
6670 2
6680 2
6690 2
6700 2
6710 2
6720 2
6730 2
6740 2
6750 2
6760 2
6770 2
6780 2
6790 2
6800 2
6810 2
6820 2
6830 2
6840 2
6850 2
6860 2
6870 2
6880 2
6890 2
6900 2
6910 2
6920 2
6930 2
6940 2
6950 2
6960 2
6970 2
6980 2
6990 2
7000 2
7010 2
7020 2
7030 2
7040 2
7050 2
7060 2
7070 2
7080 2
7090 2
7100 2
7110 2
7120 2
7130 2
7140 2
7150 2
7160 2
7170 2
7180 2
7190 2
7200 2
7210 2
7220 2
7230 2
7240 2
7250 2
7260 2
7270 2
7280 2
7290 2
7300 2
7310 2
7320 2
7330 2
7340 2
7350 2
7360 2
7370 2
7380 2
7390 2
7400 2
7410 2
7420 2
7430 2
7440 2
7450 2
7460 2
7470 2
7480 2
7490 2
7500 2
7510 2
7520 2
7530 2
7540 2
7550 2
7560 2
7570 2
7580 2
7590 2
7600 2
7610 2
7620 2
7630 2
7640 2
7650 2
7660 2
7670 2
7680 2
7690 2
7700 2
7710 2
7720 2
7730 2
7740 2
7750 2
7760 2
7770 2
7780 2
7790 2
7800 2
7810 2
7820 2
7830 2
7840 2
7850 2
7860 2
7870 2
7880 2
7890 2
7900 2
7910 2
7920 2
7930 2
7940 2
7950 2
7960 2
7970 2
7980 2
7990 2
8000 2
8010 2
8020 2
8030 2
8040 2
8050 2
8060 2
8070 2
8080 3
8090 2
8100 3
8110 3
8120 3
8130 2
8140 2
8150 3
8160 3
8170 3
8180 3
8190 3
8200 3
8210 3
8220 3
8230 3
8240 3
8250 3
8260 3
8270 3
8280 3
8290 3
8300 3
8310 3
8320 3
8330 3
8340 3
8350 3
8360 3
8370 3
8380 3
8390 3
8400 3
8410 3
8420 3
8430 3
8440 3
8450 3
8460 3
8470 3
8480 3
8490 3
8500 3
8510 3
8520 3
8530 3
8540 3
8550 3
8560 3
8570 3
8580 3
8590 3
8600 3
8610 3
8620 3
8630 3
8640 3
8650 3
8660 3
8670 3
8680 3
8690 3
8700 3
8710 3
8720 3
8730 3
8740 3
8750 3
8760 3
8770 3
8780 3
8790 3
8800 3
8810 3
8820 3
8830 3
8840 3
8850 3
8860 3
8870 3
8880 3
8890 3
8900 3
8910 3
8920 3
8930 3
8940 3
8950 3
8960 3
8970 3
8980 3
8990 3
9000 4
9010 3
9020 3
9030 3
9040 3
9050 3
9060 3
9070 3
9080 3
9090 3
9100 3
9110 3
9120 3
9130 3
9140 3
9150 3
9160 3
9170 3
9180 3
9190 3
9200 3
9210 3
9220 3
9230 3
9240 3
9250 3
9260 3
9270 3
9280 3
9290 3
9300 3
9310 3
9320 3
9330 3
9340 4
9350 3
9360 3
9370 3
9380 4
9390 4
9400 4
9410 4
9420 4
9430 4
9440 3
9450 3
9460 3
9470 3
9480 3
9490 3
9500 4
9510 3
9520 3
9530 3
9540 3
9550 4
9560 3
9570 4
9580 3
9590 3
9600 3
9610 4
9620 3
9630 4
9640 4
9650 4
9660 4
9670 4
9680 3
9690 4
9700 3
9710 4
9720 4
9730 4
9740 4
9750 4
9760 3
9770 4
9780 4
9790 4
9800 4
9810 4
9820 4
9830 4
9840 4
9850 4
9860 4
9870 4
9880 4
9890 4
9900 4
9910 4
9920 4
9930 4
9940 4
9950 4
9960 4
9970 4
9980 4
9990 4
