0 0
1 0
2 0
3 0
4 0
5 0
6 0
7 0
8 0
9 0
10 0
11 0
12 0
13 0
14 0
15 0
16 0
17 0
18 0
19 0
20 0
21 0
22 0
23 0
24 0
25 0
26 0
27 0
28 0
29 0
30 0
31 0
32 0
33 0
34 0
35 0
36 0
37 0
38 0
39 0
40 0
41 0
42 0
43 0
44 0
45 0
46 0
47 0
48 0
49 0
50 0
51 0
52 0
53 0
54 0
55 0
56 0
57 0
58 0
59 0
60 0
61 0
62 0
63 0
64 0
65 0
66 0
67 0
68 0
69 0
70 0
71 0
72 0
73 0
74 0
75 0
76 0
77 0
78 0
79 0
80 0
81 0
82 0
83 0
84 0
85 0
86 0
87 0
88 0
89 0
90 0
91 0
92 0
93 0
94 0
95 0
96 0
97 0
98 0
99 0
100 0
101 0
102 0
103 0
104 0
105 0
106 0
107 0
108 0
109 0
110 0
111 0
112 0
113 0
114 0
115 0
116 0
117 0
118 0
119 0
120 0
121 0
122 0
123 0
124 0
125 0
126 0
127 0
128 0
129 0
130 0
131 0
132 0
133 0
134 0
135 0
136 0
137 0
138 0
139 0
140 0
141 0
142 0
143 0
144 0
145 0
146 0
147 0
148 0
149 0
150 0
151 0
152 0
153 0
154 0
155 0
156 0
157 0
158 0
159 0
160 0
161 0
162 0
163 0
164 0
165 0
166 0
167 0
168 0
169 0
170 0
171 0
172 0
173 0
174 0
175 0
176 0
177 0
178 0
179 0
180 0
181 0
182 0
183 0
184 0
185 0
186 0
187 0
188 0
189 0
190 0
191 0
192 0
193 0
194 0
195 0
196 0
197 0
198 0
199 0
200 0
201 0
202 0
203 0
204 0
205 0
206 0
207 0
208 0
209 0
210 0
211 0
212 0
213 0
214 0
215 0
216 0
217 0
218 0
219 0
220 0
221 0
222 0
223 0
224 0
225 0
226 0
227 0
228 0
229 0
230 0
231 0
232 0
233 0
234 0
235 0
236 0
237 0
238 0
239 0
240 0
241 0
242 0
243 0
244 0
245 0
246 0
247 0
248 0
249 0
250 0
251 0
252 0
253 0
254 0
255 0
256 0
257 0
258 0
259 0
260 0
261 0
262 0
263 0
264 0
265 0
266 0
267 0
268 0
269 0
270 0
271 0
272 0
273 0
274 0
275 0
276 0
277 0
278 0
279 0
280 0
281 0
282 0
283 0
284 0
285 0
286 0
287 0
288 0
289 0
290 0
291 0
292 0
293 0
294 0
295 0
296 0
297 0
298 0
299 0
300 0
301 0
302 0
303 0
304 0
305 0
306 0
307 0
308 0
309 0
310 0
311 0
312 0
313 0
314 0
315 0
316 0
317 0
318 0
319 0
320 0
321 0
322 0
323 0
324 0
325 0
326 0
327 0
328 0
329 0
330 0
331 0
332 0
333 0
334 0
335 0
336 0
337 0
338 0
339 0
340 0
341 0
342 0
343 0
344 0
345 0
346 0
347 0
348 0
349 0
350 0
351 0
352 0
353 0
354 0
355 0
356 0
357 0
358 0
359 0
360 0
361 0
362 0
363 0
364 0
365 0
366 0
367 0
368 0
369 0
370 0
371 0
372 0
373 0
374 0
375 0
376 0
377 0
378 0
379 0
380 0
381 0
382 0
383 0
384 0
385 0
386 0
387 0
388 0
389 0
390 0
391 0
392 0
393 0
394 0
395 0
396 0
397 0
398 0
399 0
400 0
401 0
402 0
403 0
404 0
405 0
406 0
407 0
408 0
409 0
410 0
411 0
412 0
413 0
414 0
415 0
416 0
417 0
418 0
419 0
420 0
421 0
422 0
423 0
424 0
425 0
426 0
427 0
428 0
429 0
430 0
431 0
432 0
433 0
434 0
435 0
436 0
437 0
438 0
439 0
440 0
441 0
442 0
443 0
444 0
445 0
446 0
447 0
448 0
449 0
450 0
451 0
452 0
453 0
454 0
455 0
456 0
457 0
458 0
459 0
460 0
461 0
462 0
463 0
464 0
465 0
466 0
467 0
468 0
469 0
470 0
471 0
472 0
473 0
474 0
475 0
476 0
477 0
478 0
479 0
480 0
481 0
482 0
483 0
484 0
485 0
486 0
487 0
488 0
489 0
490 0
491 0
492 0
493 0
494 0
495 0
496 0
497 0
498 0
499 0
500 0
501 0
502 0
503 0
504 0
505 0
506 0
507 0
508 0
509 0
510 0
511 0
512 0
513 0
514 0
515 0
516 0
517 0
518 0
519 0
520 0
521 0
522 0
523 0
524 0
525 0
526 0
527 0
528 0
529 0
530 0
531 0
532 0
533 0
534 0
535 0
536 0
537 0
538 0
539 0
540 0
541 0
542 0
543 0
544 0
545 0
546 0
547 0
548 0
549 0
550 0
551 0
552 0
553 0
554 0
555 0
556 0
557 0
558 0
559 0
560 0
561 0
562 0
563 0
564 0
565 0
566 0
567 0
568 0
569 0
570 0
571 0
572 0
573 0
574 0
575 0
576 0
577 0
578 0
579 0
580 0
581 0
582 0
583 0
584 0
585 0
586 0
587 0
588 0
589 0
590 0
591 0
592 0
593 0
594 0
595 0
596 0
597 0
598 0
599 0
600 0
601 0
602 0
603 0
604 0
605 0
606 0
607 0
608 0
609 0
610 0
611 0
612 0
613 0
614 0
615 0
616 0
617 0
618 0
619 0
620 0
621 0
622 0
623 0
624 0
625 0
626 0
627 0
628 0
629 0
630 0
631 0
632 0
633 0
634 0
635 0
636 0
637 0
638 0
639 0
640 0
641 0
642 0
643 0
644 0
645 0
646 0
647 0
648 0
649 0
650 0
651 0
652 0
653 0
654 0
655 0
656 0
657 0
658 0
659 0
660 0
661 0
662 0
663 0
664 0
665 0
666 0
667 0
668 0
669 0
670 0
671 0
672 0
673 0
674 0
675 0
676 0
677 0
678 0
679 0
680 0
681 0
682 0
683 0
684 0
685 0
686 0
687 0
688 0
689 0
690 0
691 0
692 0
693 0
694 0
695 0
696 0
697 0
698 0
699 0
700 0
701 0
702 0
703 0
704 0
705 0
706 0
707 0
708 0
709 0
710 0
711 0
712 0
713 0
714 0
715 0
716 0
717 0
718 0
719 0
720 0
721 0
722 0
723 0
724 0
725 0
726 0
727 0
728 0
729 0
730 0
731 0
732 0
733 0
734 0
735 0
736 0
737 0
738 0
739 0
740 0
741 0
742 0
743 0
744 0
745 0
746 0
747 0
748 0
749 0
750 0
751 0
752 0
753 0
754 0
755 0
756 0
757 0
758 0
759 0
760 0
761 0
762 0
763 0
764 0
765 0
766 0
767 0
768 0
769 0
770 0
771 0
772 0
773 0
774 0
775 0
776 0
777 0
778 0
779 0
780 0
781 0
782 0
783 0
784 0
785 0
786 0
787 0
788 0
789 0
790 0
791 0
792 0
793 0
794 0
795 0
796 0
797 0
798 0
799 0
800 0
801 0
802 0
803 0
804 0
805 0
806 0
807 0
808 0
809 0
810 0
811 0
812 0
813 0
814 0
815 0
816 0
817 0
818 0
819 0
820 0
821 0
822 0
823 0
824 0
825 0
826 0
827 0
828 0
829 0
830 0
831 0
832 0
833 0
834 0
835 0
836 0
837 0
838 0
839 0
840 0
841 0
842 0
843 0
844 0
845 0
846 0
847 0
848 0
849 0
850 0
851 0
852 0
853 0
854 0
855 0
856 0
857 0
858 0
859 0
860 0
861 0
862 0
863 0
864 0
865 0
866 0
867 0
868 0
869 0
870 0
871 0
872 0
873 0
874 0
875 0
876 0
877 0
878 0
879 0
880 0
881 0
882 0
883 0
884 0
885 0
886 0
887 0
888 0
889 0
890 0
891 0
892 0
893 0
894 0
895 0
896 0
897 0
898 0
899 0
900 0
901 0
902 0
903 0
904 0
905 0
906 0
907 0
908 0
909 0
910 0
911 0
912 0
913 0
914 0
915 0
916 0
917 0
918 0
919 0
920 0
921 0
922 0
923 0
924 0
925 0
926 0
927 0
928 0
929 0
930 0
931 0
932 0
933 0
934 0
935 0
936 0
937 0
938 0
939 0
940 0
941 0
942 0
943 0
944 0
945 0
946 0
947 0
948 0
949 0
950 0
951 0
952 0
953 0
954 0
955 0
956 0
957 0
958 0
959 0
960 0
961 0
962 0
963 0
964 0
965 0
966 0
967 0
968 0
969 0
970 0
971 0
972 0
973 0
974 0
975 0
976 0
977 0
978 0
979 0
980 0
981 0
982 0
983 0
984 0
985 0
986 0
987 0
988 0
989 0
990 0
991 0
992 0
993 0
994 0
995 0
996 0
997 0
998 0
999 0
1000 0
1001 0
1002 0
1003 0
1004 0
1005 0
1006 0
1007 0
1008 0
1009 0
1010 0
1011 0
1012 0
1013 0
1014 0
1015 0
1016 0
1017 0
1018 0
1019 0
1020 0
1021 0
1022 0
1023 0
1024 0
1025 0
1026 0
1027 0
1028 0
1029 0
1030 0
1031 0
1032 0
1033 0
1034 0
1035 0
1036 0
1037 0
1038 0
1039 0
1040 0
1041 0
1042 0
1043 0
1044 0
1045 0
1046 0
1047 0
1048 0
1049 0
1050 0
1051 0
1052 0
1053 0
1054 0
1055 0
1056 0
1057 0
1058 0
1059 0
1060 0
1061 0
1062 0
1063 0
1064 0
1065 0
1066 0
1067 0
1068 0
1069 0
1070 0
1071 0
1072 0
1073 0
1074 0
1075 0
1076 0
1077 0
1078 0
1079 0
1080 0
1081 0
1082 0
1083 0
1084 0
1085 0
1086 0
1087 0
1088 0
1089 0
1090 0
1091 0
1092 0
1093 0
1094 0
1095 0
1096 0
1097 0
1098 0
1099 0
1100 0
1101 0
1102 0
1103 0
1104 0
1105 0
1106 0
1107 0
1108 0
1109 0
1110 0
1111 0
1112 0
1113 0
1114 0
1115 0
1116 0
1117 0
1118 0
1119 0
1120 0
1121 0
1122 0
1123 0
1124 0
1125 0
1126 0
1127 0
1128 0
1129 0
1130 0
1131 0
1132 0
1133 0
1134 0
1135 0
1136 0
1137 0
1138 0
1139 0
1140 0
1141 0
1142 0
1143 0
1144 0
1145 0
1146 0
1147 0
1148 0
1149 0
1150 0
1151 0
1152 0
1153 0
1154 0
1155 0
1156 0
1157 0
1158 0
1159 0
1160 0
1161 0
1162 0
1163 0
1164 0
1165 0
1166 0
1167 0
1168 0
1169 0
1170 0
1171 0
1172 0
1173 0
1174 0
1175 0
1176 0
1177 0
1178 0
1179 0
1180 0
1181 0
1182 0
1183 0
1184 0
1185 0
1186 0
1187 0
1188 0
1189 0
1190 0
1191 0
1192 0
1193 0
1194 0
1195 0
1196 0
1197 0
1198 0
1199 0
1200 0
1201 0
1202 0
1203 0
1204 0
1205 0
1206 0
1207 0
1208 0
1209 0
1210 0
1211 0
1212 0
1213 0
1214 0
1215 0
1216 0
1217 0
1218 0
1219 0
1220 0
1221 0
1222 0
1223 0
1224 0
1225 0
1226 0
1227 1
1228 1
1229 0
1230 0
1231 0
1232 0
1233 0
1234 0
1235 0
1236 0
1237 0
1238 1
1239 1
1240 1
1241 1
1242 1
1243 1
1244 1
1245 1
1246 1
1247 1
1248 1
1249 1
1250 1
1251 1
1252 1
1253 1
1254 1
1255 1
1256 1
1257 1
1258 1
1259 1
1260 1
1261 1
1262 1
1263 1
1264 1
1265 1
1266 1
1267 1
1268 1
1269 1
1270 1
1271 1
1272 1
1273 1
1274 1
1275 1
1276 1
1277 1
1278 1
1279 1
1280 1
1281 1
1282 1
1283 1
1284 1
1285 1
1286 1
1287 1
1288 1
1289 1
1290 1
1291 1
1292 1
1293 1
1294 1
1295 1
1296 1
1297 1
1298 1
1299 1
1300 1
1301 1
1302 1
1303 1
1304 1
1305 1
1306 1
1307 1
1308 1
1309 1
1310 1
1311 1
1312 1
1313 1
1314 1
1315 1
1316 1
1317 1
1318 1
1319 1
1320 1
1321 1
1322 1
1323 1
1324 1
1325 1
1326 1
1327 1
1328 1
1329 1
1330 1
1331 1
1332 1
1333 1
1334 1
1335 1
1336 1
1337 1
1338 1
1339 1
1340 1
1341 1
1342 1
1343 1
1344 1
1345 1
1346 1
1347 1
1348 1
1349 1
1350 1
1351 1
1352 1
1353 1
1354 1
1355 1
1356 1
1357 1
1358 1
1359 1
1360 1
1361 1
1362 1
1363 1
1364 1
1365 1
1366 1
1367 1
1368 1
1369 1
1370 1
1371 1
1372 1
1373 1
1374 1
1375 1
1376 1
1377 1
1378 1
1379 1
1380 1
1381 1
1382 1
1383 1
1384 1
1385 1
1386 1
1387 1
1388 1
1389 1
1390 1
1391 1
1392 1
1393 1
1394 1
1395 1
1396 1
1397 1
1398 1
1399 1
1400 1
1401 1
1402 1
1403 1
1404 1
1405 1
1406 1
1407 1
1408 1
1409 1
1410 1
1411 1
1412 1
1413 1
1414 1
1415 1
1416 1
1417 1
1418 1
1419 1
1420 1
1421 1
1422 1
1423 1
1424 1
1425 1
1426 1
1427 1
1428 1
1429 1
1430 1
1431 1
1432 1
1433 1
1434 1
1435 1
1436 1
1437 1
1438 1
1439 1
1440 1
1441 1
1442 1
1443 1
1444 1
1445 1
1446 1
1447 1
1448 1
1449 1
1450 1
1451 1
1452 1
1453 1
1454 1
1455 1
1456 1
1457 1
1458 1
1459 1
1460 1
1461 1
1462 1
1463 1
1464 1
1465 1
1466 1
1467 1
1468 1
1469 1
1470 1
1471 1
1472 1
1473 1
1474 1
1475 1
1476 1
1477 1
1478 1
1479 1
1480 1
1481 1
1482 1
1483 1
1484 1
1485 1
1486 1
1487 1
1488 1
1489 1
1490 1
1491 1
1492 1
1493 1
1494 1
1495 1
1496 1
1497 1
1498 1
1499 1
1500 1
1501 1
1502 1
1503 1
1504 1
1505 1
1506 1
1507 1
1508 1
1509 1
1510 1
1511 1
1512 1
1513 1
1514 1
1515 1
1516 1
1517 1
1518 1
1519 1
1520 1
1521 1
1522 1
1523 1
1524 1
1525 1
1526 1
1527 1
1528 1
1529 1
1530 1
1531 1
1532 1
1533 1
1534 1
1535 1
1536 1
1537 1
1538 1
1539 1
1540 1
1541 1
1542 1
1543 1
1544 1
1545 1
1546 1
1547 1
1548 1
1549 1
1550 1
1551 1
1552 1
1553 1
1554 1
1555 1
1556 1
1557 1
1558 1
1559 1
1560 1
1561 1
1562 1
1563 1
1564 1
1565 1
1566 1
1567 1
1568 1
1569 1
1570 1
1571 1
1572 1
1573 1
1574 1
1575 1
1576 1
1577 1
1578 1
1579 1
1580 1
1581 1
1582 1
1583 1
1584 1
1585 1
1586 1
1587 1
1588 1
1589 1
1590 1
1591 1
1592 1
1593 1
1594 1
1595 1
1596 1
1597 1
1598 1
1599 1
1600 1
1601 1
1602 1
1603 1
1604 1
1605 1
1606 1
1607 1
1608 1
1609 1
1610 1
1611 1
1612 1
1613 1
1614 1
1615 1
1616 1
1617 1
1618 1
1619 1
1620 1
1621 1
1622 1
1623 1
1624 1
1625 1
1626 1
1627 1
1628 1
1629 1
1630 1
1631 1
1632 1
1633 1
1634 1
1635 1
1636 1
1637 1
1638 1
1639 1
1640 1
1641 1
1642 1
1643 1
1644 1
1645 2
1646 1
1647 1
1648 1
1649 1
1650 1
1651 1
1652 1
1653 1
1654 1
1655 1
1656 1
1657 1
1658 1
1659 1
1660 1
1661 1
1662 1
1663 1
1664 1
1665 1
1666 1
1667 1
1668 1
1669 1
1670 1
1671 1
1672 1
1673 1
1674 1
1675 1
1676 1
1677 1
1678 1
1679 1
1680 1
1681 1
1682 1
1683 1
1684 1
1685 1
1686 1
1687 1
1688 1
1689 1
1690 1
1691 1
1692 1
1693 1
1694 1
1695 1
1696 1
1697 1
1698 1
1699 1
1700 1
1701 1
1702 1
1703 1
1704 1
1705 1
1706 1
1707 1
1708 1
1709 1
1710 1
1711 1
1712 1
1713 1
1714 1
1715 2
1716 1
1717 1
1718 1
1719 1
1720 1
1721 1
1722 1
1723 1
1724 2
1725 1
1726 1
1727 1
1728 1
1729 1
1730 1
1731 1
1732 1
1733 1
1734 1
1735 1
1736 1
1737 1
1738 1
1739 2
1740 1
1741 1
1742 1
1743 1
1744 1
1745 2
1746 1
1747 1
1748 1
1749 2
1750 1
1751 1
1752 1
1753 1
1754 2
1755 1
1756 1
1757 1
1758 1
1759 1
1760 1
1761 1
1762 1
1763 2
1764 1
1765 1
1766 1
1767 2
1768 2
1769 1
1770 1
1771 2
1772 1
1773 1
1774 1
1775 2
1776 2
1777 2
1778 2
1779 2
1780 2
1781 2
1782 2
1783 2
1784 2
1785 2
1786 2
1787 2
1788 2
1789 2
1790 2
1791 2
1792 2
1793 2
1794 2
1795 2
1796 2
1797 2
1798 2
1799 2
1800 2
1801 2
1802 2
1803 2
1804 2
1805 2
1806 2
1807 2
1808 2
1809 2
1810 2
1811 2
1812 2
1813 2
1814 2
1815 2
1816 2
1817 2
1818 2
1819 2
1820 2
1821 2
1822 2
1823 2
1824 2
1825 2
1826 2
1827 2
1828 2
1829 2
1830 2
1831 2
1832 3
1833 2
1834 2
1835 2
1836 2
1837 2
1838 3
1839 2
1840 2
1841 2
1842 3
1843 2
1844 3
1845 2
1846 2
1847 2
1848 2
1849 2
1850 2
1851 2
1852 2
1853 2
1854 2
1855 2
1856 2
1857 2
1858 2
1859 2
1860 2
1861 2
1862 2
1863 2
1864 2
1865 2
1866 2
1867 2
1868 2
1869 2
1870 2
1871 2
1872 2
1873 2
1874 2
1875 2
1876 2
1877 2
1878 2
1879 2
1880 2
1881 2
1882 2
1883 2
1884 2
1885 2
1886 2
1887 2
1888 2
1889 2
1890 2
1891 2
1892 2
1893 2
1894 2
1895 2
1896 2
1897 2
1898 2
1899 2
1900 2
1901 2
1902 2
1903 2
1904 2
1905 2
1906 2
1907 2
1908 2
1909 2
1910 2
1911 2
1912 2
1913 2
1914 2
1915 2
1916 2
1917 2
1918 2
1919 2
1920 2
1921 2
1922 2
1923 2
1924 2
1925 2
1926 2
1927 2
1928 2
1929 2
1930 2
1931 2
1932 2
1933 2
1934 2
1935 2
1936 2
1937 2
1938 2
1939 2
1940 2
1941 2
1942 2
1943 2
1944 2
1945 2
1946 2
1947 2
1948 2
1949 2
1950 2
1951 2
1952 2
1953 2
1954 2
1955 2
1956 2
1957 2
1958 2
1959 2
1960 2
1961 2
1962 2
1963 2
1964 3
1965 2
1966 4
1967 2
1968 2
1969 3
1970 3
1971 2
1972 2
1973 2
1974 2
1975 2
1976 2
1977 2
1978 2
1979 2
1980 2
1981 2
1982 2
1983 2
1984 2
1985 2
1986 6
1987 2
1988 2
1989 2
1990 2
1991 2
1992 2
1993 2
1994 2
1995 2
1996 2
1997 2
1998 2
1999 2
2000 2
2001 2
2002 2
2003 2
2004 2
2005 2
2006 2
2007 2
2008 2
2009 2
2010 2
2011 2
2012 2
2013 2
2014 2
2015 2
2016 2
2017 2
2018 2
2019 2
2020 2
2021 2
2022 2
2023 2
2024 2
2025 2
2026 2
2027 2
2028 2
2029 2
2030 2
2031 2
2032 2
2033 2
2034 2
2035 2
2036 2
2037 2
2038 2
2039 2
2040 2
2041 2
2042 2
2043 2
2044 2
2045 2
2046 2
2047 2
2048 2
2049 2
2050 2
2051 2
2052 2
2053 2
2054 2
2055 2
2056 2
2057 2
2058 2
2059 2
2060 2
2061 2
2062 2
2063 2
2064 2
2065 2
2066 2
2067 2
2068 2
2069 2
2070 2
2071 2
2072 2
2073 2
2074 2
2075 2
2076 2
2077 2
2078 2
2079 2
2080 2
2081 2
2082 2
2083 2
2084 2
2085 2
2086 2
2087 2
2088 2
2089 2
2090 2
2091 2
2092 2
2093 2
2094 2
2095 2
2096 2
2097 2
2098 2
2099 2
2100 2
2101 2
2102 2
2103 2
2104 2
2105 2
2106 2
2107 2
2108 2
2109 2
2110 2
2111 2
2112 2
2113 2
2114 2
2115 2
2116 2
2117 2
2118 2
2119 2
2120 2
2121 2
2122 2
2123 2
2124 2
2125 2
2126 2
2127 2
2128 2
2129 2
2130 2
2131 2
2132 2
2133 2
2134 2
2135 2
2136 2
2137 2
2138 2
2139 2
2140 2
2141 2
2142 2
2143 2
2144 2
2145 2
2146 3
2147 2
2148 2
2149 2
2150 3
2151 2
2152 2
2153 2
2154 2
2155 2
2156 2
2157 2
2158 2
2159 2
2160 2
2161 2
2162 2
2163 2
2164 2
2165 2
2166 2
2167 2
2168 2
2169 2
2170 2
2171 2
2172 2
2173 3
2174 2
2175 2
2176 3
2177 2
2178 3
2179 2
2180 2
2181 2
2182 2
2183 2
2184 3
2185 3
2186 2
2187 2
2188 3
2189 3
2190 3
2191 3
2192 3
2193 3
2194 3
2195 3
2196 3
2197 3
2198 3
2199 3
2200 3
2201 3
2202 3
2203 3
2204 3
2205 3
2206 3
2207 3
2208 3
2209 3
2210 3
2211 3
2212 3
2213 3
2214 3
2215 3
2216 3
2217 3
2218 3
2219 3
2220 3
2221 3
2222 3
2223 3
2224 3
2225 3
2226 3
2227 3
2228 3
2229 3
2230 3
2231 3
2232 3
2233 3
2234 3
2235 3
2236 3
2237 3
2238 3
2239 3
2240 3
2241 3
2242 3
2243 3
2244 3
2245 3
2246 3
2247 3
2248 3
2249 3
2250 3
2251 3
2252 3
2253 3
2254 3
2255 3
2256 3
2257 3
2258 3
2259 3
2260 3
2261 3
2262 3
2263 3
2264 3
2265 3
2266 3
2267 3
2268 3
2269 3
2270 3
2271 3
2272 3
2273 3
2274 3
2275 3
2276 3
2277 3
2278 3
2279 3
2280 3
2281 3
2282 3
2283 3
2284 3
2285 3
2286 3
2287 3
2288 3
2289 3
2290 3
2291 3
2292 3
2293 3
2294 3
2295 3
2296 3
2297 3
2298 3
2299 3
2300 3
2301 3
2302 3
2303 3
2304 3
2305 3
2306 3
2307 3
2308 3
2309 3
2310 3
2311 3
2312 3
2313 3
2314 3
2315 3
2316 3
2317 3
2318 3
2319 3
2320 3
2321 3
2322 3
2323 3
2324 3
2325 3
2326 3
2327 3
2328 3
2329 3
2330 3
2331 3
2332 3
2333 3
2334 3
2335 3
2336 3
2337 3
2338 3
2339 3
2340 3
2341 3
2342 3
2343 3
2344 3
2345 3
2346 3
2347 3
2348 3
2349 3
2350 3
2351 3
2352 3
2353 3
2354 3
2355 3
2356 3
2357 3
2358 3
2359 3
2360 3
2361 3
2362 3
2363 3
2364 3
2365 3
2366 3
2367 3
2368 3
2369 3
2370 3
2371 3
2372 3
2373 3
2374 3
2375 3
2376 3
2377 3
2378 3
2379 3
2380 3
2381 3
2382 3
2383 3
2384 3
2385 3
2386 3
2387 3
2388 3
2389 3
2390 3
2391 3
2392 3
2393 3
2394 3
2395 3
2396 3
2397 3
2398 3
2399 3
2400 3
2401 3
2402 3
2403 3
2404 3
2405 3
2406 3
2407 3
2408 3
2409 3
2410 3
2411 3
2412 3
2413 3
2414 3
2415 3
2416 3
2417 3
2418 3
2419 3
2420 3
2421 3
2422 3
2423 3
2424 3
2425 3
2426 3
2427 3
2428 3
2429 3
2430 3
2431 3
2432 3
2433 3
2434 3
2435 3
2436 3
2437 3
2438 3
2439 3
2440 3
2441 3
2442 3
2443 3
2444 3
2445 3
2446 3
2447 3
2448 3
2449 3
2450 3
2451 3
2452 3
2453 3
2454 3
2455 3
2456 3
2457 3
2458 3
2459 3
2460 3
2461 3
2462 3
2463 3
2464 3
2465 3
2466 3
2467 3
2468 3
2469 3
2470 3
2471 3
2472 3
2473 3
2474 3
2475 3
2476 3
2477 3
2478 3
2479 4
2480 3
2481 4
2482 3
2483 3
2484 3
2485 3
2486 3
2487 3
2488 3
2489 3
2490 3
2491 3
2492 3
2493 3
2494 3
2495 3
2496 3
2497 4
2498 3
2499 4
2500 3
2501 3
2502 4
2503 4
2504 3
2505 4
2506 3
2507 3
2508 4
2509 3
2510 4
2511 4
2512 4
2513 4
2514 4
2515 4
2516 4
2517 4
2518 4
2519 4
2520 4
2521 3
2522 4
2523 4
2524 4
2525 4
2526 4
2527 4
2528 4
2529 4
2530 4
2531 4
2532 4
2533 4
2534 4
2535 4
2536 4
2537 4
2538 4
2539 4
2540 4
2541 4
2542 4
2543 4
2544 4
2545 4
2546 4
2547 4
2548 4
2549 4
2550 4
2551 4
2552 4
2553 4
2554 4
2555 4
2556 4
2557 4
2558 4
2559 4
2560 4
2561 4
2562 4
2563 4
2564 4
2565 4
2566 4
2567 4
2568 4
2569 4
2570 4
2571 4
2572 4
2573 4
2574 4
2575 4
2576 4
2577 4
2578 4
2579 4
2580 4
2581 4
2582 4
2583 4
2584 4
2585 4
2586 4
2587 4
2588 4
2589 4
2590 4
2591 4
2592 4
2593 4
2594 4
2595 4
2596 4
2597 4
2598 4
2599 4
2600 4
2601 4
2602 4
2603 4
2604 4
2605 4
2606 4
2607 4
2608 4
2609 4
2610 4
2611 4
2612 4
2613 4
2614 4
2615 4
2616 4
2617 4
2618 4
2619 4
2620 4
2621 4
2622 4
2623 4
2624 4
2625 4
2626 4
2627 4
2628 4
2629 4
2630 4
2631 4
2632 4
2633 4
2634 4
2635 4
2636 4
2637 4
2638 4
2639 4
2640 4
2641 4
2642 4
2643 4
2644 4
2645 4
2646 4
2647 4
2648 4
2649 4
2650 4
2651 4
2652 4
2653 4
2654 4
2655 4
2656 4
2657 4
2658 4
2659 4
2660 4
2661 4
2662 4
2663 4
2664 4
2665 4
2666 4
2667 4
2668 4
2669 4
2670 4
2671 4
2672 4
2673 4
2674 4
2675 4
2676 4
2677 4
2678 4
2679 4
2680 4
2681 4
2682 4
2683 4
2684 4
2685 4
2686 4
2687 4
2688 4
2689 4
2690 4
2691 4
2692 4
2693 4
2694 4
2695 4
2696 4
2697 4
2698 4
2699 4
2700 4
2701 4
2702 4
2703 4
2704 4
2705 4
2706 4
2707 4
2708 4
2709 4
2710 4
2711 4
2712 4
2713 4
2714 4
2715 4
2716 4
2717 4
2718 4
2719 4
2720 4
2721 4
2722 4
2723 4
2724 4
2725 4
2726 4
2727 4
2728 4
2729 4
2730 4
2731 4
2732 4
2733 4
2734 4
2735 4
2736 4
2737 4
2738 4
2739 4
2740 4
2741 4
2742 4
2743 4
2744 4
2745 4
2746 4
2747 4
2748 4
2749 4
2750 4
2751 4
2752 4
2753 4
2754 4
2755 4
2756 4
2757 4
2758 4
2759 4
2760 4
2761 4
2762 4
2763 4
2764 4
2765 4
2766 4
2767 4
2768 4
2769 4
2770 4
2771 4
2772 4
2773 4
2774 4
2775 4
2776 4
2777 4
2778 4
2779 4
2780 4
2781 4
2782 4
2783 4
2784 4
2785 5
2786 4
2787 4
2788 5
2789 5
2790 4
2791 5
2792 4
2793 4
2794 4
2795 5
2796 4
2797 4
2798 5
2799 4
2800 4
2801 4
2802 4
2803 4
2804 4
2805 5
2806 4
2807 4
2808 5
2809 4
2810 4
2811 5
2812 5
2813 4
2814 5
2815 4
2816 5
2817 5
2818 5
2819 5
2820 5
2821 5
2822 4
2823 5
2824 5
2825 4
2826 5
2827 5
2828 5
2829 5
2830 5
2831 5
2832 5
2833 5
2834 5
2835 5
2836 5
2837 5
2838 5
2839 5
2840 5
2841 5
2842 5
2843 5
2844 5
2845 5
2846 5
2847 5
2848 5
2849 5
2850 5
2851 5
2852 5
2853 5
2854 5
2855 5
2856 5
2857 5
2858 5
2859 5
2860 5
2861 5
2862 5
2863 5
2864 5
2865 5
2866 5
2867 5
2868 5
2869 5
2870 5
2871 5
2872 5
2873 5
2874 5
2875 5
2876 5
2877 5
2878 5
2879 5
2880 5
2881 5
2882 5
2883 5
2884 5
2885 5
2886 5
2887 5
2888 5
2889 5
2890 5
2891 5
2892 5
2893 5
2894 5
2895 5
2896 5
2897 5
2898 5
2899 5
2900 5
2901 5
2902 5
2903 5
2904 5
2905 5
2906 5
2907 5
2908 5
2909 5
2910 5
2911 5
2912 5
2913 5
2914 5
2915 5
2916 5
2917 5
2918 5
2919 5
2920 5
2921 5
2922 5
2923 5
2924 5
2925 5
2926 5
2927 5
2928 5
2929 5
2930 5
2931 5
2932 5
2933 5
2934 5
2935 5
2936 5
2937 5
2938 5
2939 5
2940 5
2941 5
2942 5
2943 5
2944 5
2945 5
2946 5
2947 5
2948 5
2949 5
2950 5
2951 5
2952 5
2953 5
2954 5
2955 5
2956 5
2957 5
2958 5
2959 5
2960 5
2961 5
2962 5
2963 5
2964 5
2965 5
2966 5
2967 5
2968 5
2969 5
2970 5
2971 5
2972 5
2973 5
2974 5
2975 5
2976 5
2977 5
2978 5
2979 5
2980 5
2981 5
2982 5
2983 5
2984 5
2985 5
2986 5
2987 5
2988 5
2989 5
2990 5
2991 5
2992 5
2993 5
2994 5
2995 5
2996 5
2997 5
2998 5
2999 5
3000 5
3001 5
3002 5
3003 5
3004 5
3005 5
3006 5
3007 5
3008 5
3009 5
3010 6
3011 6
3012 6
3013 6
3014 5
3015 5
3016 5
3017 5
3018 5
3019 5
3020 5
3021 5
3022 5
3023 5
3024 5
3025 5
3026 5
3027 5
3028 5
3029 5
3030 5
3031 5
3032 5
3033 5
3034 5
3035 5
3036 5
3037 5
3038 5
3039 5
3040 5
3041 5
3042 5
3043 5
3044 5
3045 5
3046 5
3047 6
3048 5
3049 6
3050 5
3051 5
3052 5
3053 5
3054 5
3055 6
3056 5
3057 5
3058 6
3059 5
3060 5
3061 5
3062 5
3063 6
3064 6
3065 6
3066 5
3067 5
3068 6
3069 5
3070 5
3071 6
3072 6
3073 5
3074 6
3075 5
3076 5
3077 6
3078 5
3079 6
3080 6
3081 5
3082 6
3083 6
3084 5
3085 6
3086 5
3087 6
3088 6
3089 5
3090 6
3091 5
3092 6
3093 6
3094 6
3095 6
3096 6
3097 6
3098 6
3099 6
3100 6
3101 6
3102 6
3103 6
3104 6
3105 6
3106 6
3107 6
3108 6
3109 6
3110 6
3111 6
3112 6
3113 6
3114 6
3115 6
3116 6
3117 6
3118 6
3119 6
3120 6
3121 6
3122 6
3123 6
3124 6
3125 6
3126 6
3127 6
3128 6
3129 6
3130 6
3131 6
3132 6
3133 6
3134 6
3135 6
3136 6
3137 6
3138 6
3139 6
3140 6
3141 6
3142 6
3143 6
3144 6
3145 6
3146 6
3147 6
3148 6
3149 6
3150 6
3151 6
3152 6
3153 6
3154 6
3155 6
3156 6
3157 6
3158 6
3159 6
3160 6
3161 6
3162 6
3163 6
3164 6
3165 6
3166 6
3167 6
3168 6
3169 6
3170 6
3171 6
3172 6
3173 6
3174 6
3175 6
3176 6
3177 6
3178 6
3179 6
3180 6
3181 6
3182 6
3183 6
3184 6
3185 6
3186 6
3187 6
3188 6
3189 6
3190 6
3191 6
3192 6
3193 6
3194 6
3195 6
3196 6
3197 6
3198 6
3199 6
3200 6
3201 6
3202 6
3203 6
3204 6
3205 6
3206 6
3207 6
3208 6
3209 6
3210 6
3211 6
3212 6
3213 6
3214 6
3215 6
3216 6
3217 6
3218 6
3219 6
3220 6
3221 6
3222 6
3223 6
3224 6
3225 6
3226 6
3227 6
3228 6
3229 6
3230 6
3231 6
3232 6
3233 6
3234 6
3235 6
3236 6
3237 6
3238 6
3239 6
3240 6
3241 6
3242 6
3243 6
3244 6
3245 6
3246 6
3247 6
3248 6
3249 7
3250 7
3251 7
3252 7
3253 6
3254 6
3255 6
3256 6
3257 6
3258 6
3259 6
3260 6
3261 6
3262 6
3263 6
3264 6
3265 6
3266 6
3267 6
3268 6
3269 6
3270 6
3271 6
3272 6
3273 6
3274 6
3275 6
3276 6
3277 6
3278 6
3279 6
3280 6
3281 6
3282 6
3283 6
3284 6
3285 6
3286 6
3287 6
3288 6
3289 6
3290 6
3291 6
3292 6
3293 6
3294 6
3295 6
3296 6
3297 6
3298 7
3299 6
3300 6
3301 6
3302 6
3303 6
3304 6
3305 6
3306 6
3307 6
3308 6
3309 6
3310 6
3311 7
3312 6
3313 7
3314 6
3315 6
3316 6
3317 6
3318 7
3319 6
3320 6
3321 6
3322 6
3323 7
3324 6
3325 7
3326 6
3327 7
3328 6
3329 6
3330 7
3331 6
3332 7
3333 6
3334 7
3335 6
3336 7
3337 7
3338 7
3339 7
3340 6
3341 7
3342 7
3343 7
3344 7
3345 7
3346 6
3347 7
3348 7
3349 7
3350 7
3351 7
3352 7
3353 7
3354 7
3355 7
3356 7
3357 7
3358 7
3359 7
3360 7
3361 7
3362 7
3363 7
3364 7
3365 7
3366 7
3367 7
3368 7
3369 7
3370 7
3371 7
3372 7
3373 7
3374 7
3375 7
3376 7
3377 7
3378 7
3379 7
3380 7
3381 7
3382 7
3383 7
3384 7
3385 7
3386 7
3387 7
3388 7
3389 7
3390 7
3391 7
3392 7
3393 7
3394 7
3395 7
3396 7
3397 7
3398 7
3399 7
3400 7
3401 7
3402 7
3403 7
3404 7
3405 7
3406 7
3407 7
3408 7
3409 7
3410 7
3411 7
3412 7
3413 7
3414 7
3415 7
3416 7
3417 7
3418 7
3419 7
3420 7
3421 7
3422 7
3423 7
3424 7
3425 7
3426 7
3427 7
3428 7
3429 7
3430 7
3431 7
3432 7
3433 7
3434 7
3435 7
3436 7
3437 7
3438 7
3439 7
3440 7
3441 7
3442 7
3443 7
3444 7
3445 7
3446 7
3447 7
3448 7
3449 7
3450 7
3451 7
3452 7
3453 7
3454 7
3455 7
3456 7
3457 7
3458 7
3459 7
3460 7
3461 7
3462 7
3463 7
3464 7
3465 7
3466 7
3467 7
3468 7
3469 7
3470 7
3471 7
3472 7
3473 7
3474 7
3475 7
3476 7
3477 7
3478 7
3479 7
3480 7
3481 7
3482 7
3483 7
3484 7
3485 7
3486 7
3487 7
3488 7
3489 7
3490 7
3491 7
3492 7
3493 7
3494 7
3495 7
3496 7
3497 7
3498 7
3499 7
3500 7
3501 7
3502 7
3503 7
3504 7
3505 7
3506 7
3507 8
3508 8
3509 8
3510 8
3511 7
3512 7
3513 7
3514 7
3515 7
3516 7
3517 7
3518 7
3519 7
3520 7
3521 7
3522 7
3523 7
3524 7
3525 7
3526 7
3527 7
3528 8
3529 7
3530 7
3531 8
3532 7
3533 7
3534 7
3535 8
3536 7
3537 8
3538 7
3539 8
3540 7
3541 8
3542 8
3543 8
3544 7
3545 8
3546 8
3547 8
3548 7
3549 8
3550 8
3551 8
3552 8
3553 8
3554 8
3555 8
3556 8
3557 8
3558 8
3559 8
3560 8
3561 8
3562 8
3563 8
3564 8
3565 8
3566 7
3567 8
3568 8
3569 8
3570 8
3571 8
3572 8
3573 8
3574 8
3575 8
3576 8
3577 8
3578 8
3579 8
3580 8
3581 8
3582 8
3583 8
3584 8
3585 8
3586 8
3587 8
3588 8
3589 8
3590 8
3591 8
3592 8
3593 8
3594 8
3595 8
3596 8
3597 8
3598 8
3599 8
3600 8
3601 8
3602 8
3603 8
3604 8
3605 8
3606 10
3607 8
3608 9
3609 9
3610 8
3611 8
3612 8
3613 8
3614 8
3615 8
3616 8
3617 8
3618 8
3619 8
3620 8
3621 8
3622 8
3623 8
3624 8
3625 8
3626 8
3627 8
3628 8
3629 8
3630 8
3631 8
3632 8
3633 8
3634 8
3635 8
3636 8
3637 8
3638 8
3639 8
3640 8
3641 8
3642 8
3643 8
3644 8
3645 8
3646 8
3647 8
3648 8
3649 8
3650 8
3651 8
3652 8
3653 8
3654 8
3655 8
3656 8
3657 8
3658 8
3659 8
3660 8
3661 8
3662 8
3663 8
3664 8
3665 8
3666 8
3667 8
3668 8
3669 8
3670 8
3671 8
3672 8
3673 8
3674 8
3675 8
3676 8
3677 8
3678 8
3679 8
3680 8
3681 8
3682 8
3683 8
3684 8
3685 8
3686 8
3687 8
3688 8
3689 8
3690 8
3691 8
3692 8
3693 8
3694 8
3695 8
3696 8
3697 8
3698 8
3699 8
3700 8
3701 8
3702 8
3703 8
3704 8
3705 8
3706 8
3707 8
3708 8
3709 8
3710 8
3711 8
3712 8
3713 8
3714 8
3715 8
3716 8
3717 8
3718 8
3719 8
3720 8
3721 8
3722 8
3723 8
3724 8
3725 8
3726 8
3727 8
3728 8
3729 8
3730 8
3731 8
3732 8
3733 8
3734 8
3735 8
3736 8
3737 8
3738 8
3739 8
3740 8
3741 8
3742 8
3743 8
3744 8
3745 8
3746 8
3747 8
3748 8
3749 8
3750 8
3751 8
3752 8
3753 8
3754 8
3755 8
3756 8
3757 8
3758 8
3759 8
3760 8
3761 8
3762 8
3763 8
3764 8
3765 8
3766 8
3767 8
3768 8
3769 8
3770 8
3771 8
3772 8
3773 8
3774 8
3775 8
3776 8
3777 8
3778 9
3779 8
3780 9
3781 8
3782 8
3783 8
3784 8
3785 8
3786 8
3787 9
3788 8
3789 8
3790 9
3791 8
3792 8
3793 8
3794 8
3795 9
3796 9
3797 8
3798 8
3799 8
3800 9
3801 9
3802 9
3803 9
3804 9
3805 9
3806 9
3807 9
3808 9
3809 9
3810 9
3811 9
3812 9
3813 9
3814 9
3815 9
3816 9
3817 9
3818 9
3819 9
3820 9
3821 9
3822 9
3823 9
3824 9
3825 9
3826 9
3827 9
3828 9
3829 9
3830 9
3831 9
3832 9
3833 9
3834 9
3835 9
3836 9
3837 9
3838 9
3839 9
3840 9
3841 9
3842 9
3843 9
3844 9
3845 9
3846 9
3847 9
3848 9
3849 9
3850 9
3851 9
3852 9
3853 9
3854 9
3855 9
3856 9
3857 9
3858 9
3859 9
3860 9
3861 9
3862 9
3863 9
3864 9
3865 9
3866 9
3867 9
3868 9
3869 9
3870 9
3871 9
3872 9
3873 9
3874 9
3875 9
3876 9
3877 9
3878 9
3879 9
3880 9
3881 9
3882 9
3883 9
3884 9
3885 9
3886 9
3887 9
3888 9
3889 9
3890 9
3891 9
3892 9
3893 9
3894 9
3895 9
3896 9
3897 9
3898 9
3899 9
3900 9
3901 9
3902 9
3903 9
3904 9
3905 9
3906 9
3907 9
3908 9
3909 9
3910 9
3911 9
3912 9
3913 9
3914 9
3915 9
3916 9
3917 9
3918 9
3919 9
3920 9
3921 9
3922 9
3923 9
3924 9
3925 9
3926 9
3927 9
3928 9
3929 9
3930 9
3931 9
3932 9
3933 9
3934 9
3935 9
3936 9
3937 9
3938 9
3939 9
3940 9
3941 9
3942 9
3943 9
3944 9
3945 9
3946 9
3947 9
3948 9
3949 9
3950 9
3951 9
3952 9
3953 9
3954 9
3955 9
3956 9
3957 9
3958 9
3959 9
3960 9
3961 9
3962 9
3963 9
3964 9
3965 9
3966 9
3967 9
3968 9
3969 9
3970 9
3971 9
3972 9
3973 9
3974 9
3975 9
3976 9
3977 9
3978 9
3979 9
3980 10
3981 9
3982 10
3983 9
3984 9
3985 9
3986 9
3987 10
3988 10
3989 9
3990 9
3991 9
3992 9
3993 9
3994 9
3995 10
3996 9
3997 9
3998 9
3999 9
4000 9
4001 9
4002 9
4003 9
4004 9
4005 9
4006 9
4007 9
4008 10
4009 10
4010 10
4011 10
4012 10
4013 10
4014 10
4015 10
4016 10
4017 10
4018 10
4019 10
4020 10
4021 10
4022 10
4023 10
4024 10
4025 10
4026 10
4027 10
4028 10
4029 10
4030 10
4031 10
4032 10
4033 10
4034 10
4035 10
4036 10
4037 10
4038 10
4039 10
4040 10
4041 10
4042 10
4043 10
4044 10
4045 10
4046 10
4047 10
4048 10
4049 10
4050 10
4051 10
4052 10
4053 10
4054 10
4055 10
4056 10
4057 10
4058 10
4059 10
4060 10
4061 10
4062 10
4063 10
4064 10
4065 10
4066 10
4067 10
4068 10
4069 10
4070 10
4071 10
4072 10
4073 10
4074 10
4075 10
4076 10
4077 10
4078 10
4079 10
4080 10
4081 10
4082 10
4083 10
4084 10
4085 10
4086 10
4087 10
4088 10
4089 10
4090 10
4091 10
4092 10
4093 10
4094 10
4095 10
4096 10
4097 10
4098 10
4099 10
4100 10
4101 10
4102 10
4103 10
4104 10
4105 10
4106 10
4107 10
4108 10
4109 10
4110 10
4111 10
4112 10
4113 10
4114 10
4115 10
4116 10
4117 10
4118 10
4119 10
4120 10
4121 10
4122 10
4123 10
4124 10
4125 10
4126 10
4127 10
4128 10
4129 10
4130 10
4131 10
4132 10
4133 10
4134 10
4135 10
4136 10
4137 10
4138 10
4139 10
4140 10
4141 10
4142 10
4143 10
4144 10
4145 10
4146 10
4147 10
4148 10
4149 10
4150 10
4151 10
4152 10
4153 10
4154 10
4155 10
4156 10
4157 10
4158 10
4159 10
4160 10
4161 10
4162 10
4163 10
4164 10
4165 10
4166 10
4167 10
4168 10
4169 10
4170 10
4171 10
4172 10
4173 10
4174 10
4175 10
4176 11
4177 11
4178 10
4179 10
4180 10
4181 10
4182 10
4183 10
4184 10
4185 11
4186 10
4187 10
4188 10
4189 10
4190 10
4191 10
4192 10
4193 10
4194 10
4195 10
4196 10
4197 10
4198 11
4199 11
4200 10
4201 10
4202 10
4203 11
4204 11
4205 11
4206 11
4207 11
4208 11
4209 11
4210 11
4211 11
4212 11
4213 11
4214 11
4215 11
4216 11
4217 11
4218 11
4219 11
4220 11
4221 11
4222 11
4223 11
4224 11
4225 11
4226 11
4227 11
4228 11
4229 11
4230 11
4231 11
4232 11
4233 11
4234 11
4235 11
4236 11
4237 11
4238 11
4239 11
4240 11
4241 11
4242 11
4243 11
4244 11
4245 11
4246 11
4247 11
4248 11
4249 11
4250 11
4251 11
4252 11
4253 11
4254 11
4255 11
4256 11
4257 11
4258 11
4259 11
4260 11
4261 11
4262 11
4263 11
4264 11
4265 11
4266 11
4267 11
4268 11
4269 11
4270 11
4271 11
4272 11
4273 11
4274 11
4275 11
4276 11
4277 11
4278 11
4279 11
4280 11
4281 11
4282 11
4283 11
4284 11
4285 11
4286 11
4287 11
4288 11
4289 11
4290 11
4291 11
4292 11
4293 11
4294 11
4295 11
4296 11
4297 11
4298 11
4299 11
4300 11
4301 11
4302 11
4303 11
4304 11
4305 11
4306 11
4307 11
4308 11
4309 11
4310 11
4311 11
4312 11
4313 11
4314 11
4315 11
4316 11
4317 11
4318 11
4319 11
4320 11
4321 11
4322 11
4323 11
4324 11
4325 11
4326 11
4327 11
4328 11
4329 11
4330 11
4331 11
4332 11
4333 11
4334 11
4335 11
4336 11
4337 11
4338 11
4339 11
4340 11
4341 11
4342 11
4343 11
4344 11
4345 11
4346 12
4347 11
4348 11
4349 11
4350 11
4351 11
4352 11
4353 11
4354 11
4355 11
4356 11
4357 11
4358 11
4359 11
4360 11
4361 11
4362 11
4363 11
4364 11
4365 11
4366 11
4367 11
4368 11
4369 11
4370 11
4371 11
4372 11
4373 12
4374 12
4375 11
4376 11
4377 11
4378 11
4379 12
4380 11
4381 12
4382 12
4383 11
4384 11
4385 11
4386 12
4387 11
4388 12
4389 11
4390 12
4391 12
4392 12
4393 12
4394 12
4395 12
4396 12
4397 12
4398 12
4399 12
4400 12
4401 12
4402 12
4403 12
4404 12
4405 12
4406 12
4407 12
4408 12
4409 12
4410 12
4411 12
4412 12
4413 12
4414 12
4415 12
4416 12
4417 12
4418 12
4419 12
4420 12
4421 12
4422 12
4423 12
4424 12
4425 12
4426 12
4427 12
4428 12
4429 12
4430 12
4431 12
4432 12
4433 12
4434 12
4435 12
4436 12
4437 12
4438 12
4439 12
4440 12
4441 12
4442 12
4443 12
4444 12
4445 12
4446 12
4447 12
4448 12
4449 12
4450 12
4451 12
4452 12
4453 12
4454 12
4455 12
4456 12
4457 12
4458 12
4459 12
4460 12
4461 12
4462 12
4463 12
4464 12
4465 12
4466 12
4467 12
4468 12
4469 12
4470 12
4471 12
4472 12
4473 12
4474 12
4475 12
4476 12
4477 12
4478 12
4479 12
4480 12
4481 12
4482 12
4483 12
4484 12
4485 12
4486 12
4487 12
4488 12
4489 12
4490 12
4491 12
4492 12
4493 12
4494 12
4495 12
4496 12
4497 12
4498 12
4499 12
4500 12
4501 12
4502 12
4503 12
4504 12
4505 12
4506 12
4507 12
4508 12
4509 12
4510 12
4511 12
4512 12
4513 13
4514 13
4515 13
4516 13
4517 13
4518 12
4519 12
4520 12
4521 13
4522 12
4523 13
4524 12
4525 12
4526 12
4527 12
4528 12
4529 12
4530 12
4531 12
4532 12
4533 12
4534 12
4535 12
4536 12
4537 12
4538 12
4539 13
4540 13
4541 12
4542 12
4543 12
4544 12
4545 12
4546 12
4547 12
4548 13
4549 13
4550 13
4551 12
4552 13
4553 13
4554 12
4555 13
4556 12
4557 12
4558 13
4559 12
4560 13
4561 12
4562 13
4563 13
4564 13
4565 12
4566 12
4567 13
4568 13
4569 13
4570 13
4571 13
4572 13
4573 13
4574 13
4575 13
4576 13
4577 13
4578 13
4579 13
4580 13
4581 13
4582 13
4583 13
4584 13
4585 13
4586 13
4587 13
4588 13
4589 13
4590 13
4591 13
4592 13
4593 13
4594 13
4595 13
4596 13
4597 13
4598 13
4599 13
4600 13
4601 13
4602 13
4603 13
4604 13
4605 13
4606 13
4607 13
4608 13
4609 13
4610 13
4611 13
4612 13
4613 13
4614 13
4615 13
4616 13
4617 13
4618 13
4619 13
4620 13
4621 13
4622 13
4623 13
4624 13
4625 13
4626 13
4627 13
4628 13
4629 13
4630 13
4631 13
4632 13
4633 13
4634 13
4635 13
4636 13
4637 13
4638 13
4639 13
4640 13
4641 13
4642 13
4643 13
4644 13
4645 13
4646 13
4647 13
4648 13
4649 13
4650 13
4651 13
4652 13
4653 13
4654 13
4655 13
4656 13
4657 13
4658 13
4659 13
4660 13
4661 13
4662 13
4663 13
4664 13
4665 13
4666 13
4667 13
4668 13
4669 13
4670 13
4671 13
4672 13
4673 13
4674 13
4675 13
4676 13
4677 13
4678 13
4679 13
4680 13
4681 13
4682 13
4683 13
4684 13
4685 13
4686 13
4687 13
4688 13
4689 13
4690 13
4691 13
4692 13
4693 13
4694 13
4695 13
4696 14
4697 13
4698 13
4699 14
4700 13
4701 13
4702 13
4703 13
4704 13
4705 13
4706 13
4707 13
4708 13
4709 13
4710 13
4711 14
4712 13
4713 13
4714 13
4715 13
4716 13
4717 13
4718 13
4719 13
4720 13
4721 14
4722 13
4723 13
4724 13
4725 14
4726 13
4727 13
4728 13
4729 13
4730 14
4731 14
4732 14
4733 13
4734 14
4735 14
4736 14
4737 14
4738 14
4739 14
4740 14
4741 13
4742 14
4743 14
4744 14
4745 14
4746 14
4747 14
4748 14
4749 14
4750 14
4751 14
4752 14
4753 14
4754 14
4755 14
4756 14
4757 14
4758 14
4759 14
4760 14
4761 14
4762 14
4763 14
4764 14
4765 14
4766 14
4767 14
4768 14
4769 14
4770 14
4771 14
4772 14
4773 14
4774 14
4775 14
4776 14
4777 14
4778 14
4779 14
4780 14
4781 14
4782 14
4783 14
4784 14
4785 14
4786 14
4787 14
4788 14
4789 14
4790 14
4791 14
4792 14
4793 14
4794 14
4795 14
4796 14
4797 14
4798 14
4799 14
4800 14
4801 14
4802 14
4803 14
4804 14
4805 14
4806 14
4807 14
4808 14
4809 14
4810 14
4811 14
4812 14
4813 14
4814 14
4815 14
4816 14
4817 14
4818 14
4819 14
4820 14
4821 14
4822 14
4823 14
4824 14
4825 14
4826 14
4827 14
4828 14
4829 14
4830 14
4831 14
4832 14
4833 14
4834 14
4835 14
4836 14
4837 14
4838 14
4839 14
4840 14
4841 14
4842 14
4843 14
4844 14
4845 14
4846 14
4847 14
4848 15
4849 14
4850 14
4851 14
4852 14
4853 14
4854 14
4855 14
4856 14
4857 14
4858 14
4859 14
4860 14
4861 14
4862 14
4863 14
4864 14
4865 14
4866 14
4867 14
4868 14
4869 15
4870 20
4871 31
4872 15
4873 17
4874 17
4875 17
4876 23
4877 19
4878 30
4879 16
4880 17
4881 22
4882 19
4883 15
4884 15
4885 15
4886 16
4887 17
4888 27
4889 41
4890 21
4891 15
4892 17
4893 16
4894 15
4895 16
4896 15
4897 15
4898 15
4899 15
4900 16
4901 15
4902 15
4903 16
4904 18
4905 15
4906 17
4907 16
4908 16
4909 18
4910 17
4911 19
4912 15
4913 18
4914 18
4915 16
4916 18
4917 16
4918 17
4919 16
4920 19
4921 21
4922 16
4923 20
4924 19
4925 18
4926 16
4927 15
4928 18
4929 15
4930 17
4931 15
4932 16
4933 19
4934 17
4935 15
4936 17
4937 19
4938 16
4939 16
4940 16
4941 16
4942 17
4943 18
4944 15
4945 19
4946 15
4947 17
4948 17
4949 17
4950 17
4951 17
4952 18
4953 17
4954 15
4955 18
4956 17
4957 18
4958 16
4959 16
4960 21
4961 23
4962 16
4963 25
4964 20
4965 22
4966 20
4967 19
4968 19
4969 16
4970 22
4971 19
4972 16
4973 18
4974 19
4975 19
4976 16
4977 18
4978 17
4979 20
4980 18
4981 18
4982 20
4983 17
4984 18
4985 18
4986 16
4987 18
4988 17
4989 18
4990 16
4991 19
4992 18
4993 15
4994 15
4995 17
4996 16
4997 18
4998 15
4999 17
5000 17
5001 18
5002 15
5003 23
5004 19
5005 15
5006 17
5007 18
5008 16
5009 17
5010 18
5011 16
5012 15
5013 16
5014 17
5015 19
5016 15
5017 24
5018 19
5019 15
5020 16
5021 16
5022 18
5023 16
5024 16
5025 17
5026 18
5027 16
5028 17
5029 16
5030 18
5031 18
5032 19
5033 19
5034 16
5035 17
5036 17
5037 15
5038 18
5039 17
5040 18
5041 18
5042 18
5043 17
5044 22
5045 19
5046 16
5047 16
5048 17
5049 18
5050 16
5051 18
5052 19
5053 18
5054 23
5055 19
5056 16
5057 16
5058 17
5059 17
5060 18
5061 17
5062 18
5063 16
5064 20
5065 17
5066 22
5067 18
5068 18
5069 18
5070 20
5071 20
5072 17
5073 20
5074 20
5075 17
5076 20
5077 18
5078 18
5079 17
5080 18
5081 19
5082 16
5083 17
5084 18
5085 19
5086 22
5087 19
5088 17
5089 16
5090 16
5091 16
5092 16
5093 16
5094 20
5095 17
5096 20
5097 19
5098 18
5099 17
5100 21
5101 18
5102 18
5103 18
5104 21
5105 19
5106 19
5107 22
5108 20
5109 20
5110 19
5111 19
5112 16
5113 19
5114 19
5115 17
5116 17
5117 17
5118 19
5119 16
5120 18
5121 19
5122 16
5123 20
5124 18
5125 16
5126 17
5127 18
5128 19
5129 18
5130 19
5131 18
5132 19
5133 18
5134 19
5135 19
5136 17
5137 19
5138 19
5139 16
5140 17
5141 20
5142 18
5143 17
5144 22
5145 18
5146 16
5147 17
5148 18
5149 18
5150 17
5151 17
5152 18
5153 19
5154 18
5155 18
5156 19
5157 16
5158 20
5159 17
5160 19
5161 16
5162 19
5163 18
5164 18
5165 23
5166 19
5167 18
5168 19
5169 17
5170 19
5171 17
5172 19
5173 19
5174 17
5175 22
5176 19
5177 17
5178 18
5179 18
5180 19
5181 18
5182 20
5183 19
5184 16
5185 17
5186 17
5187 18
5188 18
5189 25
5190 22
5191 17
5192 25
5193 17
5194 20
5195 17
5196 21
5197 19
5198 17
5199 20
5200 19
5201 17
5202 21
5203 17
5204 20
5205 17
5206 19
5207 20
5208 18
5209 18
5210 21
5211 18
5212 22
5213 18
5214 18
5215 20
5216 18
5217 18
5218 22
5219 19
5220 18
5221 22
5222 21
5223 17
5224 22
5225 17
5226 18
5227 20
5228 19
5229 22
5230 19
5231 17
5232 21
5233 20
5234 17
5235 17
5236 18
5237 18
5238 19
5239 19
5240 21
5241 18
5242 20
5243 22
5244 18
5245 21
5246 19
5247 23
5248 18
5249 18
5250 22
5251 19
5252 21
5253 21
5254 21
5255 19
5256 20
5257 18
5258 21
5259 20
5260 20
5261 22
5262 17
5263 18
5264 21
5265 20
5266 28
5267 23
5268 21
5269 27
5270 22
5271 18
5272 26
5273 21
5274 19
5275 24
5276 21
5277 19
5278 19
5279 20
5280 21
5281 19
5282 21
5283 18
5284 21
5285 19
5286 21
5287 21
5288 28
5289 21
5290 19
5291 25
5292 22
5293 18
5294 22
5295 20
5296 19
5297 24
5298 21
5299 20
5300 23
5301 21
5302 21
5303 23
5304 22
5305 18
5306 26
5307 21
5308 19
5309 25
5310 22
5311 20
5312 22
5313 22
5314 21
5315 23
5316 21
5317 23
5318 21
5319 20
5320 22
5321 20
5322 20
5323 22
5324 19
5325 18
5326 18
5327 18
5328 18
5329 18
5330 19
5331 18
5332 18
5333 17
5334 17
5335 17
5336 17
5337 17
5338 17
5339 17
5340 17
5341 17
5342 17
5343 17
5344 17
5345 18
5346 17
5347 17
5348 17
5349 17
5350 17
5351 17
5352 17
5353 17
5354 18
5355 17
5356 17
5357 17
5358 18
5359 18
5360 18
5361 17
5362 18
5363 17
5364 17
5365 17
5366 17
5367 17
5368 17
5369 17
5370 17
5371 17
5372 18
5373 18
5374 18
5375 18
5376 19
5377 18
5378 18
5379 18
5380 19
5381 18
5382 18
5383 18
5384 18
5385 18
5386 18
5387 18
5388 18
5389 18
5390 18
5391 18
5392 18
5393 18
5394 18
5395 18
5396 18
5397 18
5398 18
5399 18
5400 18
5401 18
5402 18
5403 18
5404 18
5405 18
5406 18
5407 18
5408 18
5409 18
5410 18
5411 18
5412 18
5413 18
5414 18
5415 18
5416 18
5417 18
5418 18
5419 18
5420 18
5421 18
5422 18
5423 18
5424 18
5425 18
5426 18
5427 18
5428 18
5429 18
5430 18
5431 18
5432 18
5433 18
5434 18
5435 18
5436 18
5437 18
5438 18
5439 18
5440 18
5441 18
5442 18
5443 18
5444 18
5445 18
5446 18
5447 18
5448 18
5449 18
5450 18
5451 18
5452 18
5453 18
5454 18
5455 18
5456 18
5457 18
5458 18
5459 19
5460 18
5461 18
5462 18
5463 18
5464 18
5465 19
5466 18
5467 18
5468 18
5469 18
5470 18
5471 18
5472 18
5473 18
5474 18
5475 18
5476 18
5477 18
5478 18
5479 18
5480 18
5481 18
5482 18
5483 18
5484 18
5485 18
5486 18
5487 18
5488 18
5489 18
5490 18
5491 18
5492 18
5493 18
5494 19
5495 19
5496 18
5497 18
5498 18
5499 18
5500 18
5501 18
5502 19
5503 19
5504 18
5505 18
5506 18
5507 18
5508 18
5509 18
5510 19
5511 18
5512 18
5513 18
5514 18
5515 18
5516 18
5517 18
5518 18
5519 18
5520 19
5521 19
5522 19
5523 19
5524 19
5525 19
5526 19
5527 18
5528 19
5529 19
5530 19
5531 19
5532 19
5533 19
5534 19
5535 19
5536 19
5537 19
5538 19
5539 19
5540 19
5541 19
5542 19
5543 19
5544 19
5545 21
5546 21
5547 20
5548 20
5549 20
5550 20
5551 20
5552 20
5553 20
5554 20
5555 20
5556 20
5557 20
5558 20
5559 20
5560 20
5561 20
5562 20
5563 19
5564 21
5565 21
5566 21
5567 21
5568 20
5569 20
5570 20
5571 20
5572 20
5573 20
5574 20
5575 20
5576 20
5577 20
5578 20
5579 20
5580 20
5581 20
5582 20
5583 20
5584 20
5585 20
5586 20
5587 20
5588 20
5589 20
5590 20
5591 20
5592 20
5593 20
5594 20
5595 20
5596 21
5597 23
5598 20
5599 21
5600 21
5601 20
5602 20
5603 20
5604 20
5605 20
5606 20
5607 20
5608 20
5609 20
5610 20
5611 23
5612 22
5613 21
5614 20
5615 20
5616 19
5617 19
5618 20
5619 19
5620 19
5621 19
5622 19
5623 19
5624 19
5625 19
5626 19
5627 19
5628 19
5629 19
5630 19
5631 19
5632 19
5633 19
5634 19
5635 19
5636 19
5637 19
5638 19
5639 19
5640 19
5641 19
5642 19
5643 20
5644 19
5645 20
5646 19
5647 19
5648 19
5649 19
5650 19
5651 19
5652 19
5653 19
5654 19
5655 19
5656 19
5657 19
5658 20
5659 19
5660 21
5661 21
5662 21
5663 21
5664 21
5665 21
5666 21
5667 21
5668 21
5669 20
5670 20
5671 20
5672 20
5673 20
5674 20
5675 20
5676 20
5677 20
5678 20
5679 20
5680 20
5681 20
5682 20
5683 20
5684 20
5685 20
5686 20
5687 20
5688 20
5689 20
5690 20
5691 20
5692 20
5693 20
5694 20
5695 20
5696 20
5697 20
5698 20
5699 20
5700 20
5701 20
5702 20
5703 20
5704 20
5705 20
5706 20
5707 20
5708 20
5709 20
5710 20
5711 20
5712 20
5713 20
5714 20
5715 20
5716 20
5717 20
5718 20
5719 20
5720 20
5721 20
5722 20
5723 20
5724 20
5725 20
5726 20
5727 20
5728 20
5729 21
5730 20
5731 20
5732 20
5733 20
5734 20
5735 20
5736 20
5737 20
5738 20
5739 20
5740 21
5741 20
5742 20
5743 21
5744 21
5745 21
5746 21
5747 21
5748 20
5749 20
5750 21
5751 21
5752 20
5753 21
5754 20
5755 20
5756 21
5757 20
5758 20
5759 21
5760 21
5761 21
5762 21
5763 21
5764 21
5765 21
5766 21
5767 21
5768 21
5769 21
5770 21
5771 21
5772 21
5773 21
5774 21
5775 21
5776 21
5777 21
5778 21
5779 21
5780 21
5781 21
5782 21
5783 21
5784 21
5785 21
5786 21
5787 21
5788 21
5789 21
5790 21
5791 21
5792 21
5793 21
5794 21
5795 21
5796 21
5797 21
5798 21
5799 21
5800 21
5801 21
5802 21
5803 21
5804 21
5805 21
5806 21
5807 21
5808 21
5809 21
5810 21
5811 21
5812 21
5813 21
5814 22
5815 22
5816 22
5817 22
5818 22
5819 22
5820 22
5821 22
5822 22
5823 22
5824 22
5825 22
5826 23
5827 22
5828 22
5829 22
5830 22
5831 21
5832 23
5833 23
5834 22
5835 22
5836 22
5837 23
5838 23
5839 24
5840 22
5841 23
5842 22
5843 22
5844 23
5845 22
5846 23
5847 22
5848 22
5849 22
5850 22
5851 22
5852 22
5853 23
5854 22
5855 22
5856 22
5857 22
5858 22
5859 22
5860 23
5861 22
5862 23
5863 22
5864 22
5865 23
5866 23
5867 23
5868 23
5869 23
5870 22
5871 22
5872 22
5873 22
5874 22
5875 22
5876 22
5877 22
5878 22
5879 21
5880 22
5881 22
5882 22
5883 22
5884 22
5885 21
5886 22
5887 22
5888 22
5889 22
5890 22
5891 22
5892 22
5893 22
5894 22
5895 22
5896 22
5897 22
5898 22
5899 22
5900 22
5901 22
5902 22
5903 22
5904 22
5905 22
5906 22
5907 22
5908 22
5909 22
5910 22
5911 21
5912 22
5913 22
5914 22
5915 22
5916 22
5917 22
5918 22
5919 22
5920 22
5921 22
5922 22
5923 22
5924 22
5925 22
5926 22
5927 22
5928 22
5929 22
5930 22
5931 22
5932 22
5933 22
5934 22
5935 23
5936 22
5937 22
5938 22
5939 22
5940 22
5941 22
5942 22
5943 22
5944 22
5945 22
5946 22
5947 22
5948 23
5949 22
5950 22
5951 22
5952 22
5953 22
5954 22
5955 22
5956 22
5957 23
5958 23
5959 22
5960 22
5961 22
5962 22
5963 22
5964 22
5965 22
5966 22
5967 22
5968 23
5969 22
5970 22
5971 22
5972 22
5973 22
5974 22
5975 22
5976 23
5977 23
5978 22
5979 23
5980 22
5981 23
5982 22
5983 23
5984 24
5985 23
5986 23
5987 22
5988 22
5989 22
5990 23
5991 22
5992 23
5993 23
5994 22
5995 23
5996 23
5997 23
5998 23
5999 22
6000 22
6001 23
6002 23
6003 23
6004 23
6005 23
6006 23
6007 23
6008 23
6009 23
6010 23
6011 23
6012 23
6013 23
6014 23
6015 23
6016 23
6017 23
6018 23
6019 23
6020 23
6021 23
6022 23
6023 23
6024 23
6025 23
6026 23
6027 23
6028 23
6029 23
6030 23
6031 23
6032 23
6033 23
6034 23
6035 23
6036 23
6037 23
6038 24
6039 23
6040 23
6041 23
6042 23
6043 23
6044 23
6045 23
6046 23
6047 23
6048 23
6049 24
6050 24
6051 24
6052 23
6053 23
6054 23
6055 23
6056 23
6057 23
6058 24
6059 23
6060 23
6061 23
6062 23
6063 23
6064 23
6065 23
6066 23
6067 23
6068 23
6069 23
6070 23
6071 23
6072 24
6073 24
6074 23
6075 24
6076 23
6077 24
6078 25
6079 24
6080 24
6081 24
6082 24
6083 23
6084 23
6085 23
6086 23
6087 23
6088 23
6089 23
6090 23
6091 23
6092 23
6093 23
6094 23
6095 23
6096 23
6097 23
6098 24
6099 23
6100 23
6101 23
6102 23
6103 24
6104 23
6105 24
6106 23
6107 23
6108 24
6109 24
6110 24
6111 23
6112 23
6113 23
6114 23
6115 23
6116 24
6117 24
6118 23
6119 23
6120 23
6121 23
6122 24
6123 23
6124 23
6125 26
6126 24
6127 24
6128 24
6129 25
6130 27
6131 24
6132 24
6133 24
6134 25
6135 25
6136 25
6137 24
6138 24
6139 24
6140 24
6141 24
6142 24
6143 24
6144 24
6145 24
6146 24
6147 24
6148 24
6149 24
6150 24
6151 24
6152 24
6153 24
6154 24
6155 24
6156 24
6157 24
6158 24
6159 24
6160 24
6161 24
6162 24
6163 24
6164 24
6165 23
6166 23
6167 24
6168 24
6169 24
6170 23
6171 24
6172 24
6173 24
6174 24
6175 24
6176 23
6177 24
6178 24
6179 24
6180 24
6181 24
6182 24
6183 24
6184 24
6185 24
6186 24
6187 24
6188 24
6189 24
6190 24
6191 24
6192 25
6193 25
6194 24
6195 24
6196 25
6197 24
6198 25
6199 24
6200 24
6201 24
6202 24
6203 25
6204 24
6205 24
6206 24
6207 24
6208 24
6209 24
6210 24
6211 24
6212 24
6213 24
6214 24
6215 24
6216 24
6217 24
6218 24
6219 24
6220 24
6221 24
6222 24
6223 24
6224 24
6225 25
6226 24
6227 24
6228 24
6229 24
6230 25
6231 24
6232 25
6233 24
6234 24
6235 24
6236 24
6237 24
6238 24
6239 24
6240 24
6241 24
6242 24
6243 24
6244 24
6245 24
6246 24
6247 25
6248 25
6249 24
6250 25
6251 24
6252 25
6253 25
6254 24
6255 25
6256 25
6257 25
6258 25
6259 25
6260 24
6261 25
6262 24
6263 25
6264 25
6265 25
6266 25
6267 24
6268 25
6269 25
6270 25
6271 25
6272 25
6273 25
6274 25
6275 25
6276 25
6277 25
6278 25
6279 25
6280 25
6281 25
6282 25
6283 25
6284 25
6285 25
6286 25
6287 25
6288 25
6289 25
6290 25
6291 25
6292 26
6293 25
6294 25
6295 25
6296 25
6297 25
6298 25
6299 25
6300 25
6301 25
6302 25
6303 25
6304 25
6305 25
6306 25
6307 25
6308 25
6309 25
6310 25
6311 25
6312 25
6313 25
6314 25
6315 25
6316 25
6317 25
6318 25
6319 25
6320 25
6321 25
6322 25
6323 25
6324 25
6325 25
6326 25
6327 25
6328 25
6329 25
6330 25
6331 25
6332 25
6333 25
6334 25
6335 25
6336 25
6337 25
6338 25
6339 25
6340 26
6341 26
6342 26
6343 25
6344 25
6345 25
6346 25
6347 25
6348 25
6349 25
6350 25
6351 25
6352 25
6353 25
6354 25
6355 25
6356 25
6357 25
6358 25
6359 26
6360 26
6361 25
6362 26
6363 25
6364 26
6365 26
6366 25
6367 26
6368 26
6369 25
6370 26
6371 25
6372 26
6373 26
6374 26
6375 26
6376 26
6377 26
6378 26
6379 28
6380 26
6381 26
6382 26
6383 26
6384 25
6385 26
6386 26
6387 26
6388 26
6389 26
6390 26
6391 26
6392 26
6393 26
6394 26
6395 26
6396 26
6397 26
6398 26
6399 26
6400 26
6401 26
6402 26
6403 26
6404 26
6405 26
6406 26
6407 26
6408 26
6409 26
6410 26
6411 26
6412 26
6413 26
6414 25
6415 26
6416 26
6417 26
6418 26
6419 26
6420 26
6421 26
6422 26
6423 26
6424 26
6425 26
6426 26
6427 26
6428 26
6429 26
6430 26
6431 26
6432 26
6433 26
6434 26
6435 26
6436 26
6437 26
6438 26
6439 26
6440 26
6441 26
6442 26
6443 26
6444 26
6445 26
6446 26
6447 26
6448 26
6449 26
6450 26
6451 26
6452 27
6453 27
6454 27
6455 26
6456 26
6457 26
6458 26
6459 26
6460 26
6461 26
6462 26
6463 26
6464 26
6465 26
6466 26
6467 26
6468 26
6469 26
6470 26
6471 26
6472 26
6473 26
6474 26
6475 26
6476 26
6477 26
6478 26
6479 26
6480 26
6481 26
6482 26
6483 26
6484 26
6485 26
6486 26
6487 26
6488 26
6489 27
6490 27
6491 27
6492 27
6493 27
6494 27
6495 27
6496 27
6497 27
6498 27
6499 27
6500 27
6501 27
6502 27
6503 27
6504 27
6505 27
6506 27
6507 27
6508 27
6509 27
6510 27
6511 27
6512 27
6513 27
6514 27
6515 27
6516 27
6517 27
6518 27
6519 27
6520 27
6521 27
6522 27
6523 27
6524 27
6525 27
6526 27
6527 28
6528 27
6529 27
6530 27
6531 27
6532 27
6533 27
6534 27
6535 27
6536 27
6537 27
6538 27
6539 27
6540 27
6541 27
6542 27
6543 27
6544 27
6545 27
6546 27
6547 27
6548 27
6549 27
6550 27
6551 27
6552 27
6553 27
6554 27
6555 27
6556 27
6557 27
6558 27
6559 27
6560 27
6561 27
6562 27
6563 27
6564 27
6565 27
6566 27
6567 27
6568 27
6569 27
6570 27
6571 27
6572 26
6573 26
6574 26
6575 26
6576 26
6577 27
6578 27
6579 27
6580 26
6581 26
6582 26
6583 26
6584 26
6585 26
6586 27
6587 27
6588 28
6589 26
6590 27
6591 27
6592 27
6593 27
6594 27
6595 27
6596 27
6597 27
6598 27
6599 27
6600 27
6601 27
6602 27
6603 27
6604 27
6605 27
6606 27
6607 27
6608 27
6609 27
6610 27
6611 27
6612 27
6613 27
6614 27
6615 27
6616 27
6617 27
6618 27
6619 27
6620 27
6621 27
6622 27
6623 27
6624 27
6625 27
6626 27
6627 27
6628 27
6629 27
6630 27
6631 27
6632 27
6633 27
6634 27
6635 27
6636 27
6637 28
6638 27
6639 27
6640 27
6641 27
6642 27
6643 27
6644 27
6645 27
6646 27
6647 27
6648 27
6649 27
6650 27
6651 27
6652 27
6653 27
6654 27
6655 27
6656 27
6657 27
6658 27
6659 27
6660 27
6661 27
6662 27
6663 27
6664 27
6665 27
6666 27
6667 27
6668 27
6669 27
6670 27
6671 27
6672 27
6673 28
6674 28
6675 27
6676 27
6677 27
6678 27
6679 27
6680 27
6681 27
6682 27
6683 27
6684 27
6685 27
6686 27
6687 27
6688 27
6689 27
6690 27
6691 27
6692 27
6693 27
6694 27
6695 27
6696 27
6697 27
6698 28
6699 28
6700 28
6701 27
6702 27
6703 27
6704 27
6705 27
6706 27
6707 28
6708 28
6709 28
6710 28
6711 28
6712 28
6713 28
6714 28
6715 28
6716 28
6717 28
6718 28
6719 28
6720 28
6721 28
6722 28
6723 28
6724 28
6725 28
6726 28
6727 28
6728 28
6729 28
6730 28
6731 28
6732 28
6733 28
6734 28
6735 28
6736 28
6737 28
6738 28
6739 28
6740 28
6741 28
6742 28
6743 28
6744 28
6745 28
6746 28
6747 28
6748 28
6749 28
6750 28
6751 28
6752 28
6753 28
6754 28
6755 28
6756 28
6757 28
6758 28
6759 28
6760 28
6761 28
6762 28
6763 28
6764 28
6765 28
6766 28
6767 28
6768 28
6769 28
6770 28
6771 28
6772 28
6773 28
6774 28
6775 28
6776 28
6777 28
6778 29
6779 28
6780 29
6781 29
6782 28
6783 28
6784 28
6785 28
6786 28
6787 28
6788 28
6789 28
6790 28
6791 28
6792 28
6793 28
6794 28
6795 28
6796 28
6797 28
6798 28
6799 28
6800 28
6801 28
6802 28
6803 28
6804 28
6805 28
6806 28
6807 29
6808 28
6809 28
6810 28
6811 28
6812 28
6813 28
6814 29
6815 29
6816 28
6817 28
6818 29
6819 28
6820 28
6821 28
6822 28
6823 28
6824 28
6825 29
6826 29
6827 29
6828 29
6829 28
6830 28
6831 29
6832 29
6833 29
6834 29
6835 29
6836 29
6837 29
6838 29
6839 29
6840 29
6841 29
6842 29
6843 29
6844 29
6845 29
6846 29
6847 29
6848 29
6849 29
6850 29
6851 29
6852 29
6853 29
6854 29
6855 29
6856 29
6857 29
6858 29
6859 29
6860 29
6861 29
6862 29
6863 29
6864 29
6865 29
6866 29
6867 29
6868 29
6869 29
6870 29
6871 29
6872 29
6873 29
6874 29
6875 29
6876 29
6877 29
6878 29
6879 29
6880 29
6881 29
6882 29
6883 29
6884 29
6885 29
6886 29
6887 29
6888 29
6889 29
6890 29
6891 29
6892 29
6893 29
6894 29
6895 29
6896 29
6897 29
6898 29
6899 29
6900 29
6901 29
6902 29
6903 29
6904 29
6905 29
6906 29
6907 29
6908 29
6909 29
6910 29
6911 29
6912 29
6913 30
6914 29
6915 29
6916 29
6917 29
6918 29
6919 29
6920 29
6921 29
6922 29
6923 29
6924 29
6925 29
6926 29
6927 29
6928 29
6929 29
6930 29
6931 29
6932 29
6933 29
6934 29
6935 29
6936 30
6937 30
6938 29
6939 29
6940 30
6941 29
6942 30
6943 30
6944 29
6945 29
6946 29
6947 30
6948 30
6949 30
6950 30
6951 30
6952 30
6953 30
6954 30
6955 30
6956 30
6957 30
6958 30
6959 30
6960 31
6961 31
6962 31
6963 31
6964 31
6965 30
6966 30
6967 31
6968 30
6969 30
6970 30
6971 30
6972 30
6973 30
6974 30
6975 31
6976 31
6977 31
6978 30
6979 30
6980 30
6981 30
6982 30
6983 31
6984 30
6985 30
6986 30
6987 30
6988 30
6989 30
6990 30
6991 30
6992 30
6993 31
6994 31
6995 30
6996 30
6997 30
6998 30
6999 30
7000 30
7001 31
7002 30
7003 30
7004 30
7005 30
7006 30
7007 30
7008 30
7009 30
7010 30
7011 30
7012 30
7013 30
7014 30
7015 30
7016 30
7017 30
7018 30
7019 30
7020 30
7021 30
7022 30
7023 30
7024 30
7025 30
7026 30
7027 30
7028 30
7029 30
7030 30
7031 30
7032 30
7033 30
7034 30
7035 30
7036 30
7037 30
7038 31
7039 31
7040 30
7041 30
7042 30
7043 30
7044 31
7045 30
7046 30
7047 30
7048 31
7049 30
7050 30
7051 31
7052 30
7053 30
7054 30
7055 30
7056 30
7057 30
7058 30
7059 30
7060 30
7061 31
7062 30
7063 31
7064 31
7065 31
7066 31
7067 31
7068 31
7069 31
7070 31
7071 31
7072 31
7073 31
7074 31
7075 31
7076 31
7077 31
7078 31
7079 31
7080 31
7081 31
7082 31
7083 31
7084 31
7085 31
7086 31
7087 31
7088 31
7089 31
7090 31
7091 31
7092 31
7093 31
7094 31
7095 31
7096 31
7097 31
7098 31
7099 31
7100 31
7101 31
7102 31
7103 31
7104 31
7105 31
7106 31
7107 31
7108 31
7109 31
7110 31
7111 31
7112 31
7113 31
7114 31
7115 31
7116 31
7117 31
7118 31
7119 31
7120 31
7121 31
7122 31
7123 31
7124 31
7125 31
7126 33
7127 31
7128 31
7129 31
7130 31
7131 31
7132 31
7133 31
7134 31
7135 31
7136 31
7137 31
7138 31
7139 31
7140 31
7141 31
7142 31
7143 31
7144 31
7145 32
7146 31
7147 31
7148 31
7149 31
7150 34
7151 32
7152 31
7153 31
7154 31
7155 31
7156 31
7157 32
7158 31
7159 31
7160 31
7161 31
7162 31
7163 31
7164 31
7165 31
7166 31
7167 32
7168 32
7169 32
7170 32
7171 32
7172 32
7173 32
7174 32
7175 31
7176 32
7177 32
7178 32
7179 32
7180 32
7181 32
7182 32
7183 32
7184 32
7185 32
7186 32
7187 32
7188 32
7189 32
7190 32
7191 33
7192 32
7193 32
7194 32
7195 32
7196 32
7197 32
7198 32
7199 32
7200 32
7201 32
7202 32
7203 32
7204 32
7205 32
7206 32
7207 32
7208 32
7209 32
7210 32
7211 32
7212 32
7213 32
7214 32
7215 32
7216 32
7217 32
7218 32
7219 32
7220 32
7221 32
7222 32
7223 32
7224 32
7225 32
7226 32
7227 35
7228 33
7229 32
7230 32
7231 32
7232 32
7233 32
7234 32
7235 32
7236 32
7237 32
7238 32
7239 32
7240 32
7241 32
7242 32
7243 32
7244 32
7245 32
7246 32
7247 32
7248 32
7249 32
7250 32
7251 32
7252 32
7253 32
7254 32
7255 32
7256 32
7257 32
7258 32
7259 32
7260 32
7261 32
7262 32
7263 32
7264 32
7265 32
7266 32
7267 32
7268 32
7269 32
7270 33
7271 32
7272 32
7273 32
7274 32
7275 32
7276 33
7277 32
7278 32
7279 33
7280 32
7281 34
7282 33
7283 32
7284 33
7285 32
7286 33
7287 33
7288 33
7289 33
7290 33
7291 33
7292 33
7293 33
7294 33
7295 33
7296 33
7297 33
7298 33
7299 33
7300 33
7301 33
7302 33
7303 33
7304 33
7305 33
7306 33
7307 33
7308 33
7309 33
7310 33
7311 33
7312 33
7313 33
7314 33
7315 33
7316 33
7317 33
7318 33
7319 33
7320 33
7321 33
7322 33
7323 33
7324 33
7325 33
7326 33
7327 33
7328 34
7329 34
7330 33
7331 33
7332 33
7333 33
7334 33
7335 33
7336 33
7337 33
7338 33
7339 33
7340 33
7341 33
7342 33
7343 33
7344 33
7345 33
7346 33
7347 33
7348 33
7349 34
7350 34
7351 33
7352 33
7353 33
7354 33
7355 33
7356 33
7357 33
7358 33
7359 33
7360 33
7361 34
7362 33
7363 33
7364 33
7365 33
7366 33
7367 33
7368 33
7369 33
7370 35
7371 33
7372 33
7373 33
7374 33
7375 33
7376 33
7377 33
7378 33
7379 33
7380 33
7381 33
7382 33
7383 33
7384 33
7385 33
7386 33
7387 33
7388 34
7389 33
7390 34
7391 33
7392 34
7393 34
7394 33
7395 34
7396 34
7397 34
7398 34
7399 34
7400 34
7401 35
7402 34
7403 34
7404 34
7405 34
7406 34
7407 34
7408 34
7409 34
7410 34
7411 34
7412 34
7413 34
7414 34
7415 34
7416 34
7417 34
7418 34
7419 34
7420 34
7421 34
7422 34
7423 34
7424 34
7425 34
7426 34
7427 34
7428 34
7429 34
7430 34
7431 34
7432 34
7433 34
7434 34
7435 34
7436 34
7437 34
7438 34
7439 34
7440 34
7441 34
7442 34
7443 34
7444 34
7445 34
7446 34
7447 34
7448 34
7449 34
7450 34
7451 34
7452 34
7453 34
7454 34
7455 34
7456 34
7457 34
7458 34
7459 34
7460 34
7461 34
7462 34
7463 34
7464 34
7465 34
7466 35
7467 34
7468 34
7469 34
7470 34
7471 34
7472 34
7473 34
7474 34
7475 34
7476 34
7477 34
7478 34
7479 34
7480 34
7481 34
7482 34
7483 34
7484 34
7485 35
7486 34
7487 34
7488 34
7489 34
7490 34
7491 34
7492 34
7493 34
7494 35
7495 34
7496 34
7497 34
7498 34
7499 34
7500 34
7501 34
7502 35
7503 35
7504 34
7505 35
7506 35
7507 35
7508 35
7509 35
7510 35
7511 35
7512 35
7513 35
7514 35
7515 35
7516 35
7517 35
7518 35
7519 35
7520 35
7521 35
7522 35
7523 35
7524 35
7525 35
7526 35
7527 35
7528 35
7529 35
7530 35
7531 35
7532 35
7533 35
7534 35
7535 35
7536 35
7537 35
7538 35
7539 35
7540 35
7541 35
7542 35
7543 35
7544 35
7545 35
7546 35
7547 35
7548 35
7549 35
7550 35
7551 35
7552 35
7553 35
7554 35
7555 35
7556 35
7557 35
7558 35
7559 35
7560 35
7561 35
7562 35
7563 35
7564 35
7565 35
7566 35
7567 36
7568 36
7569 35
7570 35
7571 35
7572 35
7573 35
7574 35
7575 35
7576 35
7577 35
7578 35
7579 36
7580 35
7581 35
7582 35
7583 35
7584 35
7585 35
7586 35
7587 35
7588 35
7589 35
7590 35
7591 35
7592 35
7593 35
7594 35
7595 35
7596 35
7597 36
7598 35
7599 35
7600 35
7601 35
7602 35
7603 35
7604 35
7605 36
7606 36
7607 35
7608 35
7609 36
7610 36
7611 36
7612 36
7613 36
7614 36
7615 36
7616 36
7617 36
7618 36
7619 36
7620 36
7621 36
7622 36
7623 36
7624 36
7625 36
7626 36
7627 36
7628 36
7629 36
7630 36
7631 36
7632 36
7633 36
7634 36
7635 36
7636 36
7637 36
7638 36
7639 36
7640 36
7641 36
7642 36
7643 36
7644 36
7645 36
7646 36
7647 36
7648 37
7649 36
7650 36
7651 36
7652 36
7653 36
7654 36
7655 36
7656 36
7657 36
7658 36
7659 36
7660 36
7661 36
7662 36
7663 36
7664 36
7665 36
7666 36
7667 36
7668 36
7669 36
7670 36
7671 36
7672 36
7673 36
7674 36
7675 36
7676 36
7677 36
7678 36
7679 36
7680 36
7681 36
7682 36
7683 36
7684 36
7685 36
7686 36
7687 36
7688 37
7689 36
7690 36
7691 36
7692 36
7693 36
7694 36
7695 36
7696 36
7697 37
7698 36
7699 36
7700 36
7701 36
7702 36
7703 36
7704 36
7705 36
7706 36
7707 36
7708 36
7709 36
7710 36
7711 37
7712 36
7713 37
7714 37
7715 36
7716 37
7717 37
7718 37
7719 37
7720 37
7721 38
7722 37
7723 37
7724 37
7725 37
7726 37
7727 37
7728 37
7729 37
7730 37
7731 37
7732 37
7733 37
7734 37
7735 37
7736 37
7737 37
7738 37
7739 37
7740 37
7741 37
7742 37
7743 37
7744 37
7745 37
7746 37
7747 37
7748 37
7749 37
7750 37
7751 37
7752 37
7753 37
7754 37
7755 37
7756 37
7757 37
7758 37
7759 37
7760 37
7761 37
7762 37
7763 37
7764 37
7765 37
7766 37
7767 37
7768 37
7769 37
7770 37
7771 37
7772 37
7773 37
7774 37
7775 37
7776 37
7777 37
7778 37
7779 37
7780 37
7781 37
7782 37
7783 37
7784 37
7785 37
7786 37
7787 37
7788 37
7789 37
7790 37
7791 37
7792 37
7793 37
7794 37
7795 37
7796 37
7797 37
7798 37
7799 37
7800 37
7801 37
7802 37
7803 38
7804 37
7805 37
7806 37
7807 37
7808 37
7809 37
7810 37
7811 38
7812 37
7813 37
7814 37
7815 37
7816 37
7817 38
7818 38
7819 38
7820 37
7821 38
7822 38
7823 38
7824 38
7825 38
7826 38
7827 38
7828 38
7829 38
7830 38
7831 38
7832 38
7833 39
7834 39
7835 39
7836 40
7837 40
7838 40
7839 40
7840 38
7841 38
7842 38
7843 38
7844 38
7845 38
7846 38
7847 38
7848 38
7849 38
7850 38
7851 38
7852 38
7853 38
7854 38
7855 38
7856 38
7857 38
7858 38
7859 38
7860 38
7861 38
7862 38
7863 38
7864 38
7865 38
7866 38
7867 38
7868 38
7869 38
7870 38
7871 38
7872 38
7873 38
7874 38
7875 38
7876 38
7877 38
7878 38
7879 38
7880 38
7881 38
7882 38
7883 38
7884 38
7885 38
7886 38
7887 38
7888 38
7889 38
7890 38
7891 38
7892 38
7893 38
7894 38
7895 38
7896 38
7897 39
7898 39
7899 38
7900 38
7901 38
7902 38
7903 38
7904 38
7905 38
7906 38
7907 38
7908 39
7909 40
7910 39
7911 38
7912 38
7913 38
7914 39
7915 38
7916 39
7917 39
7918 39
7919 38
7920 39
7921 39
7922 38
7923 38
7924 39
7925 39
7926 39
7927 39
7928 39
7929 39
7930 39
7931 39
7932 41
7933 39
7934 39
7935 39
7936 39
7937 39
7938 39
7939 39
7940 39
7941 39
7942 39
7943 39
7944 39
7945 39
7946 39
7947 39
7948 39
7949 39
7950 40
7951 39
7952 39
7953 39
7954 39
7955 39
7956 39
7957 40
7958 40
7959 40
7960 40
7961 40
7962 40
7963 40
7964 40
7965 40
7966 40
7967 41
7968 40
7969 40
7970 40
7971 40
7972 40
7973 41
7974 45
7975 40
7976 40
7977 40
7978 40
7979 40
7980 40
7981 40
7982 40
7983 40
7984 39
7985 40
7986 40
7987 40
7988 40
7989 41
7990 40
7991 40
7992 39
7993 40
7994 40
7995 40
7996 40
7997 40
7998 40
7999 40